 Movielen Rank 3 
 omegaT_90_1 
NNCP: iterations = 439   difference=0.000010  time=2.341612
i=1  dims=[50 50 31] 

save_tmp =

    0.7300

i=2  dims=[60 60 31] 

save_tmp =

    0.7300    0.7294

i=3  dims=[70 70 31] 

save_tmp =

    0.7300    0.7294    0.7492

i=4  dims=[80 80 31] 

save_tmp =

    0.7300    0.7294    0.7492    0.7594

i=5  dims=[90 90 31] 

save_tmp =

    0.7300    0.7294    0.7492    0.7594    0.7505

i=6  dims=[100 100 31] 

save_tmp =

    0.7300    0.7294    0.7492    0.7594    0.7505    0.7403

i=7  dims=[110 110 31] 

save_tmp =

    0.7300    0.7294    0.7492    0.7594    0.7505    0.7403    0.7351

i=8  dims=[120 120 31] 

save_tmp =

    0.7300    0.7294    0.7492    0.7594    0.7505    0.7403    0.7351    0.7982

i=9  dims=[130 130 31] 

save_tmp =

    0.7300    0.7294    0.7492    0.7594    0.7505    0.7403    0.7351    0.7982    0.7033

i=10  dims=[140 140 31] 

save_tmp =

    0.7300    0.7294    0.7492    0.7594    0.7505    0.7403    0.7351    0.7982    0.7033    0.7617

i=11  dims=[150 150 31] 

save_tmp =

  Columns 1 through 10

    0.7300    0.7294    0.7492    0.7594    0.7505    0.7403    0.7351    0.7982    0.7033    0.7617

  Column 11

    0.7887

i=12  dims=[160 160 31] 

save_tmp =

  Columns 1 through 10

    0.7300    0.7294    0.7492    0.7594    0.7505    0.7403    0.7351    0.7982    0.7033    0.7617

  Columns 11 through 12

    0.7887    0.7439

i=13  dims=[170 170 31] 

save_tmp =

  Columns 1 through 10

    0.7300    0.7294    0.7492    0.7594    0.7505    0.7403    0.7351    0.7982    0.7033    0.7617

  Columns 11 through 13

    0.7887    0.7439    0.7808

i=14  dims=[180 180 31] 

save_tmp =

  Columns 1 through 10

    0.7300    0.7294    0.7492    0.7594    0.7505    0.7403    0.7351    0.7982    0.7033    0.7617

  Columns 11 through 14

    0.7887    0.7439    0.7808    0.7526

i=15  dims=[190 190 31] 

save_tmp =

  Columns 1 through 10

    0.7300    0.7294    0.7492    0.7594    0.7505    0.7403    0.7351    0.7982    0.7033    0.7617

  Columns 11 through 15

    0.7887    0.7439    0.7808    0.7526    0.7314

i=16  dims=[200 200 31] 

save_tmp =

  Columns 1 through 10

    0.7300    0.7294    0.7492    0.7594    0.7505    0.7403    0.7351    0.7982    0.7033    0.7617

  Columns 11 through 16

    0.7887    0.7439    0.7808    0.7526    0.7314    0.7498

i=17  dims=[210 210 31] 

save_tmp =

  Columns 1 through 10

    0.7300    0.7294    0.7492    0.7594    0.7505    0.7403    0.7351    0.7982    0.7033    0.7617

  Columns 11 through 17

    0.7887    0.7439    0.7808    0.7526    0.7314    0.7498    0.7901

i=18  dims=[220 220 31] 

save_tmp =

  Columns 1 through 10

    0.7300    0.7294    0.7492    0.7594    0.7505    0.7403    0.7351    0.7982    0.7033    0.7617

  Columns 11 through 18

    0.7887    0.7439    0.7808    0.7526    0.7314    0.7498    0.7901    0.7802

i=19  dims=[230 230 31] 

save_tmp =

  Columns 1 through 10

    0.7300    0.7294    0.7492    0.7594    0.7505    0.7403    0.7351    0.7982    0.7033    0.7617

  Columns 11 through 19

    0.7887    0.7439    0.7808    0.7526    0.7314    0.7498    0.7901    0.7802    0.7642

i=20  dims=[240 240 31] 

save_tmp =

  Columns 1 through 10

    0.7300    0.7294    0.7492    0.7594    0.7505    0.7403    0.7351    0.7982    0.7033    0.7617

  Columns 11 through 20

    0.7887    0.7439    0.7808    0.7526    0.7314    0.7498    0.7901    0.7802    0.7642    0.7493

i=21  dims=[250 250 31] 

save_tmp =

  Columns 1 through 10

    0.7300    0.7294    0.7492    0.7594    0.7505    0.7403    0.7351    0.7982    0.7033    0.7617

  Columns 11 through 20

    0.7887    0.7439    0.7808    0.7526    0.7314    0.7498    0.7901    0.7802    0.7642    0.7493

  Column 21

    0.7252

i=22  dims=[260 260 31] 

save_tmp =

  Columns 1 through 10

    0.7300    0.7294    0.7492    0.7594    0.7505    0.7403    0.7351    0.7982    0.7033    0.7617

  Columns 11 through 20

    0.7887    0.7439    0.7808    0.7526    0.7314    0.7498    0.7901    0.7802    0.7642    0.7493

  Columns 21 through 22

    0.7252    0.7350

i=23  dims=[270 270 31] 

save_tmp =

  Columns 1 through 10

    0.7300    0.7294    0.7492    0.7594    0.7505    0.7403    0.7351    0.7982    0.7033    0.7617

  Columns 11 through 20

    0.7887    0.7439    0.7808    0.7526    0.7314    0.7498    0.7901    0.7802    0.7642    0.7493

  Columns 21 through 23

    0.7252    0.7350    0.7472

i=24  dims=[280 280 31] 

save_tmp =

  Columns 1 through 10

    0.7300    0.7294    0.7492    0.7594    0.7505    0.7403    0.7351    0.7982    0.7033    0.7617

  Columns 11 through 20

    0.7887    0.7439    0.7808    0.7526    0.7314    0.7498    0.7901    0.7802    0.7642    0.7493

  Columns 21 through 24

    0.7252    0.7350    0.7472    0.7527

i=25  dims=[290 290 31] 

save_tmp =

  Columns 1 through 10

    0.7300    0.7294    0.7492    0.7594    0.7505    0.7403    0.7351    0.7982    0.7033    0.7617

  Columns 11 through 20

    0.7887    0.7439    0.7808    0.7526    0.7314    0.7498    0.7901    0.7802    0.7642    0.7493

  Columns 21 through 25

    0.7252    0.7350    0.7472    0.7527    0.7200

i=26  dims=[300 300 31] 

save_tmp =

  Columns 1 through 10

    0.7300    0.7294    0.7492    0.7594    0.7505    0.7403    0.7351    0.7982    0.7033    0.7617

  Columns 11 through 20

    0.7887    0.7439    0.7808    0.7526    0.7314    0.7498    0.7901    0.7802    0.7642    0.7493

  Columns 21 through 26

    0.7252    0.7350    0.7472    0.7527    0.7200    0.7285

i=27  dims=[310 310 31] 

save_tmp =

  Columns 1 through 10

    0.7300    0.7294    0.7492    0.7594    0.7505    0.7403    0.7351    0.7982    0.7033    0.7617

  Columns 11 through 20

    0.7887    0.7439    0.7808    0.7526    0.7314    0.7498    0.7901    0.7802    0.7642    0.7493

  Columns 21 through 27

    0.7252    0.7350    0.7472    0.7527    0.7200    0.7285    0.7052

i=28  dims=[320 320 31] 

save_tmp =

  Columns 1 through 10

    0.7300    0.7294    0.7492    0.7594    0.7505    0.7403    0.7351    0.7982    0.7033    0.7617

  Columns 11 through 20

    0.7887    0.7439    0.7808    0.7526    0.7314    0.7498    0.7901    0.7802    0.7642    0.7493

  Columns 21 through 28

    0.7252    0.7350    0.7472    0.7527    0.7200    0.7285    0.7052    0.7059

i=29  dims=[330 330 31] 

save_tmp =

  Columns 1 through 10

    0.7300    0.7294    0.7492    0.7594    0.7505    0.7403    0.7351    0.7982    0.7033    0.7617

  Columns 11 through 20

    0.7887    0.7439    0.7808    0.7526    0.7314    0.7498    0.7901    0.7802    0.7642    0.7493

  Columns 21 through 29

    0.7252    0.7350    0.7472    0.7527    0.7200    0.7285    0.7052    0.7059    0.6508

i=30  dims=[340 340 31] 

save_tmp =

  Columns 1 through 10

    0.7300    0.7294    0.7492    0.7594    0.7505    0.7403    0.7351    0.7982    0.7033    0.7617

  Columns 11 through 20

    0.7887    0.7439    0.7808    0.7526    0.7314    0.7498    0.7901    0.7802    0.7642    0.7493

  Columns 21 through 30

    0.7252    0.7350    0.7472    0.7527    0.7200    0.7285    0.7052    0.7059    0.6508    0.7103

i=31  dims=[350 350 31] 

save_tmp =

  Columns 1 through 10

    0.7300    0.7294    0.7492    0.7594    0.7505    0.7403    0.7351    0.7982    0.7033    0.7617

  Columns 11 through 20

    0.7887    0.7439    0.7808    0.7526    0.7314    0.7498    0.7901    0.7802    0.7642    0.7493

  Columns 21 through 30

    0.7252    0.7350    0.7472    0.7527    0.7200    0.7285    0.7052    0.7059    0.6508    0.7103

  Column 31

    0.7133

i=32  dims=[360 360 31] 

save_tmp =

  Columns 1 through 10

    0.7300    0.7294    0.7492    0.7594    0.7505    0.7403    0.7351    0.7982    0.7033    0.7617

  Columns 11 through 20

    0.7887    0.7439    0.7808    0.7526    0.7314    0.7498    0.7901    0.7802    0.7642    0.7493

  Columns 21 through 30

    0.7252    0.7350    0.7472    0.7527    0.7200    0.7285    0.7052    0.7059    0.6508    0.7103

  Columns 31 through 32

    0.7133    0.7809

i=33  dims=[370 370 31] 

save_tmp =

  Columns 1 through 10

    0.7300    0.7294    0.7492    0.7594    0.7505    0.7403    0.7351    0.7982    0.7033    0.7617

  Columns 11 through 20

    0.7887    0.7439    0.7808    0.7526    0.7314    0.7498    0.7901    0.7802    0.7642    0.7493

  Columns 21 through 30

    0.7252    0.7350    0.7472    0.7527    0.7200    0.7285    0.7052    0.7059    0.6508    0.7103

  Columns 31 through 33

    0.7133    0.7809    0.7714

i=34  dims=[380 380 31] 

save_tmp =

  Columns 1 through 10

    0.7300    0.7294    0.7492    0.7594    0.7505    0.7403    0.7351    0.7982    0.7033    0.7617

  Columns 11 through 20

    0.7887    0.7439    0.7808    0.7526    0.7314    0.7498    0.7901    0.7802    0.7642    0.7493

  Columns 21 through 30

    0.7252    0.7350    0.7472    0.7527    0.7200    0.7285    0.7052    0.7059    0.6508    0.7103

  Columns 31 through 34

    0.7133    0.7809    0.7714    0.7865

i=35  dims=[390 390 31] 

save_tmp =

  Columns 1 through 10

    0.7300    0.7294    0.7492    0.7594    0.7505    0.7403    0.7351    0.7982    0.7033    0.7617

  Columns 11 through 20

    0.7887    0.7439    0.7808    0.7526    0.7314    0.7498    0.7901    0.7802    0.7642    0.7493

  Columns 21 through 30

    0.7252    0.7350    0.7472    0.7527    0.7200    0.7285    0.7052    0.7059    0.6508    0.7103

  Columns 31 through 35

    0.7133    0.7809    0.7714    0.7865    0.7803

i=36  dims=[400 400 31] 

save_tmp =

  Columns 1 through 10

    0.7300    0.7294    0.7492    0.7594    0.7505    0.7403    0.7351    0.7982    0.7033    0.7617

  Columns 11 through 20

    0.7887    0.7439    0.7808    0.7526    0.7314    0.7498    0.7901    0.7802    0.7642    0.7493

  Columns 21 through 30

    0.7252    0.7350    0.7472    0.7527    0.7200    0.7285    0.7052    0.7059    0.6508    0.7103

  Columns 31 through 36

    0.7133    0.7809    0.7714    0.7865    0.7803    0.7793


ave_our =

    0.7300
    0.7297
    0.7362
    0.7420
    0.7437
    0.7431
    0.7420
    0.7490
    0.7439
    0.7457
    0.7496
    0.7491
    0.7516
    0.7516
    0.7503
    0.7503
    0.7526
    0.7541
    0.7547
    0.7544
    0.7530
    0.7522
    0.7520
    0.7520
    0.7507
    0.7499
    0.7482
    0.7467
    0.7434
    0.7423
    0.7414
    0.7426
    0.7435
    0.7447
    0.7458
    0.7467

 Movielen Rank 3 
 omegaT_90_2 
NNCP: iterations = 395   difference=0.000010  time=2.941299
i=1  dims=[50 50 31] 

save_tmp =

    0.7039

i=2  dims=[60 60 31] 

save_tmp =

    0.7039    0.7069

i=3  dims=[70 70 31] 

save_tmp =

    0.7039    0.7069    0.7155

i=4  dims=[80 80 31] 

save_tmp =

    0.7039    0.7069    0.7155    0.6404

i=5  dims=[90 90 31] 

save_tmp =

    0.7039    0.7069    0.7155    0.6404    0.6727

i=6  dims=[100 100 31] 

save_tmp =

    0.7039    0.7069    0.7155    0.6404    0.6727    0.7336

i=7  dims=[110 110 31] 

save_tmp =

    0.7039    0.7069    0.7155    0.6404    0.6727    0.7336    0.7469

i=8  dims=[120 120 31] 

save_tmp =

    0.7039    0.7069    0.7155    0.6404    0.6727    0.7336    0.7469    0.7717

i=9  dims=[130 130 31] 

save_tmp =

    0.7039    0.7069    0.7155    0.6404    0.6727    0.7336    0.7469    0.7717    0.7330

i=10  dims=[140 140 31] 

save_tmp =

    0.7039    0.7069    0.7155    0.6404    0.6727    0.7336    0.7469    0.7717    0.7330    0.7351

i=11  dims=[150 150 31] 

save_tmp =

  Columns 1 through 10

    0.7039    0.7069    0.7155    0.6404    0.6727    0.7336    0.7469    0.7717    0.7330    0.7351

  Column 11

    0.7342

i=12  dims=[160 160 31] 

save_tmp =

  Columns 1 through 10

    0.7039    0.7069    0.7155    0.6404    0.6727    0.7336    0.7469    0.7717    0.7330    0.7351

  Columns 11 through 12

    0.7342    0.7357

i=13  dims=[170 170 31] 

save_tmp =

  Columns 1 through 10

    0.7039    0.7069    0.7155    0.6404    0.6727    0.7336    0.7469    0.7717    0.7330    0.7351

  Columns 11 through 13

    0.7342    0.7357    0.7582

i=14  dims=[180 180 31] 

save_tmp =

  Columns 1 through 10

    0.7039    0.7069    0.7155    0.6404    0.6727    0.7336    0.7469    0.7717    0.7330    0.7351

  Columns 11 through 14

    0.7342    0.7357    0.7582    0.7377

i=15  dims=[190 190 31] 

save_tmp =

  Columns 1 through 10

    0.7039    0.7069    0.7155    0.6404    0.6727    0.7336    0.7469    0.7717    0.7330    0.7351

  Columns 11 through 15

    0.7342    0.7357    0.7582    0.7377    0.6994

i=16  dims=[200 200 31] 

save_tmp =

  Columns 1 through 10

    0.7039    0.7069    0.7155    0.6404    0.6727    0.7336    0.7469    0.7717    0.7330    0.7351

  Columns 11 through 16

    0.7342    0.7357    0.7582    0.7377    0.6994    0.7029

i=17  dims=[210 210 31] 

save_tmp =

  Columns 1 through 10

    0.7039    0.7069    0.7155    0.6404    0.6727    0.7336    0.7469    0.7717    0.7330    0.7351

  Columns 11 through 17

    0.7342    0.7357    0.7582    0.7377    0.6994    0.7029    0.7906

i=18  dims=[220 220 31] 

save_tmp =

  Columns 1 through 10

    0.7039    0.7069    0.7155    0.6404    0.6727    0.7336    0.7469    0.7717    0.7330    0.7351

  Columns 11 through 18

    0.7342    0.7357    0.7582    0.7377    0.6994    0.7029    0.7906    0.7293

i=19  dims=[230 230 31] 

save_tmp =

  Columns 1 through 10

    0.7039    0.7069    0.7155    0.6404    0.6727    0.7336    0.7469    0.7717    0.7330    0.7351

  Columns 11 through 19

    0.7342    0.7357    0.7582    0.7377    0.6994    0.7029    0.7906    0.7293    0.7483

i=20  dims=[240 240 31] 

save_tmp =

  Columns 1 through 10

    0.7039    0.7069    0.7155    0.6404    0.6727    0.7336    0.7469    0.7717    0.7330    0.7351

  Columns 11 through 20

    0.7342    0.7357    0.7582    0.7377    0.6994    0.7029    0.7906    0.7293    0.7483    0.7400

i=21  dims=[250 250 31] 

save_tmp =

  Columns 1 through 10

    0.7039    0.7069    0.7155    0.6404    0.6727    0.7336    0.7469    0.7717    0.7330    0.7351

  Columns 11 through 20

    0.7342    0.7357    0.7582    0.7377    0.6994    0.7029    0.7906    0.7293    0.7483    0.7400

  Column 21

    0.6946

i=22  dims=[260 260 31] 

save_tmp =

  Columns 1 through 10

    0.7039    0.7069    0.7155    0.6404    0.6727    0.7336    0.7469    0.7717    0.7330    0.7351

  Columns 11 through 20

    0.7342    0.7357    0.7582    0.7377    0.6994    0.7029    0.7906    0.7293    0.7483    0.7400

  Columns 21 through 22

    0.6946    0.7287

i=23  dims=[270 270 31] 

save_tmp =

  Columns 1 through 10

    0.7039    0.7069    0.7155    0.6404    0.6727    0.7336    0.7469    0.7717    0.7330    0.7351

  Columns 11 through 20

    0.7342    0.7357    0.7582    0.7377    0.6994    0.7029    0.7906    0.7293    0.7483    0.7400

  Columns 21 through 23

    0.6946    0.7287    0.7117

i=24  dims=[280 280 31] 

save_tmp =

  Columns 1 through 10

    0.7039    0.7069    0.7155    0.6404    0.6727    0.7336    0.7469    0.7717    0.7330    0.7351

  Columns 11 through 20

    0.7342    0.7357    0.7582    0.7377    0.6994    0.7029    0.7906    0.7293    0.7483    0.7400

  Columns 21 through 24

    0.6946    0.7287    0.7117    0.7481

i=25  dims=[290 290 31] 

save_tmp =

  Columns 1 through 10

    0.7039    0.7069    0.7155    0.6404    0.6727    0.7336    0.7469    0.7717    0.7330    0.7351

  Columns 11 through 20

    0.7342    0.7357    0.7582    0.7377    0.6994    0.7029    0.7906    0.7293    0.7483    0.7400

  Columns 21 through 25

    0.6946    0.7287    0.7117    0.7481    0.7199

i=26  dims=[300 300 31] 

save_tmp =

  Columns 1 through 10

    0.7039    0.7069    0.7155    0.6404    0.6727    0.7336    0.7469    0.7717    0.7330    0.7351

  Columns 11 through 20

    0.7342    0.7357    0.7582    0.7377    0.6994    0.7029    0.7906    0.7293    0.7483    0.7400

  Columns 21 through 26

    0.6946    0.7287    0.7117    0.7481    0.7199    0.6914

i=27  dims=[310 310 31] 

save_tmp =

  Columns 1 through 10

    0.7039    0.7069    0.7155    0.6404    0.6727    0.7336    0.7469    0.7717    0.7330    0.7351

  Columns 11 through 20

    0.7342    0.7357    0.7582    0.7377    0.6994    0.7029    0.7906    0.7293    0.7483    0.7400

  Columns 21 through 27

    0.6946    0.7287    0.7117    0.7481    0.7199    0.6914    0.7065

i=28  dims=[320 320 31] 

save_tmp =

  Columns 1 through 10

    0.7039    0.7069    0.7155    0.6404    0.6727    0.7336    0.7469    0.7717    0.7330    0.7351

  Columns 11 through 20

    0.7342    0.7357    0.7582    0.7377    0.6994    0.7029    0.7906    0.7293    0.7483    0.7400

  Columns 21 through 28

    0.6946    0.7287    0.7117    0.7481    0.7199    0.6914    0.7065    0.6716

i=29  dims=[330 330 31] 

save_tmp =

  Columns 1 through 10

    0.7039    0.7069    0.7155    0.6404    0.6727    0.7336    0.7469    0.7717    0.7330    0.7351

  Columns 11 through 20

    0.7342    0.7357    0.7582    0.7377    0.6994    0.7029    0.7906    0.7293    0.7483    0.7400

  Columns 21 through 29

    0.6946    0.7287    0.7117    0.7481    0.7199    0.6914    0.7065    0.6716    0.6527

i=30  dims=[340 340 31] 

save_tmp =

  Columns 1 through 10

    0.7039    0.7069    0.7155    0.6404    0.6727    0.7336    0.7469    0.7717    0.7330    0.7351

  Columns 11 through 20

    0.7342    0.7357    0.7582    0.7377    0.6994    0.7029    0.7906    0.7293    0.7483    0.7400

  Columns 21 through 30

    0.6946    0.7287    0.7117    0.7481    0.7199    0.6914    0.7065    0.6716    0.6527    0.7177

i=31  dims=[350 350 31] 

save_tmp =

  Columns 1 through 10

    0.7039    0.7069    0.7155    0.6404    0.6727    0.7336    0.7469    0.7717    0.7330    0.7351

  Columns 11 through 20

    0.7342    0.7357    0.7582    0.7377    0.6994    0.7029    0.7906    0.7293    0.7483    0.7400

  Columns 21 through 30

    0.6946    0.7287    0.7117    0.7481    0.7199    0.6914    0.7065    0.6716    0.6527    0.7177

  Column 31

    0.7032

i=32  dims=[360 360 31] 

save_tmp =

  Columns 1 through 10

    0.7039    0.7069    0.7155    0.6404    0.6727    0.7336    0.7469    0.7717    0.7330    0.7351

  Columns 11 through 20

    0.7342    0.7357    0.7582    0.7377    0.6994    0.7029    0.7906    0.7293    0.7483    0.7400

  Columns 21 through 30

    0.6946    0.7287    0.7117    0.7481    0.7199    0.6914    0.7065    0.6716    0.6527    0.7177

  Columns 31 through 32

    0.7032    0.7516

i=33  dims=[370 370 31] 

save_tmp =

  Columns 1 through 10

    0.7039    0.7069    0.7155    0.6404    0.6727    0.7336    0.7469    0.7717    0.7330    0.7351

  Columns 11 through 20

    0.7342    0.7357    0.7582    0.7377    0.6994    0.7029    0.7906    0.7293    0.7483    0.7400

  Columns 21 through 30

    0.6946    0.7287    0.7117    0.7481    0.7199    0.6914    0.7065    0.6716    0.6527    0.7177

  Columns 31 through 33

    0.7032    0.7516    0.7786

i=34  dims=[380 380 31] 

save_tmp =

  Columns 1 through 10

    0.7039    0.7069    0.7155    0.6404    0.6727    0.7336    0.7469    0.7717    0.7330    0.7351

  Columns 11 through 20

    0.7342    0.7357    0.7582    0.7377    0.6994    0.7029    0.7906    0.7293    0.7483    0.7400

  Columns 21 through 30

    0.6946    0.7287    0.7117    0.7481    0.7199    0.6914    0.7065    0.6716    0.6527    0.7177

  Columns 31 through 34

    0.7032    0.7516    0.7786    0.7741

i=35  dims=[390 390 31] 

save_tmp =

  Columns 1 through 10

    0.7039    0.7069    0.7155    0.6404    0.6727    0.7336    0.7469    0.7717    0.7330    0.7351

  Columns 11 through 20

    0.7342    0.7357    0.7582    0.7377    0.6994    0.7029    0.7906    0.7293    0.7483    0.7400

  Columns 21 through 30

    0.6946    0.7287    0.7117    0.7481    0.7199    0.6914    0.7065    0.6716    0.6527    0.7177

  Columns 31 through 35

    0.7032    0.7516    0.7786    0.7741    0.7809

i=36  dims=[400 400 31] 

save_tmp =

  Columns 1 through 10

    0.7039    0.7069    0.7155    0.6404    0.6727    0.7336    0.7469    0.7717    0.7330    0.7351

  Columns 11 through 20

    0.7342    0.7357    0.7582    0.7377    0.6994    0.7029    0.7906    0.7293    0.7483    0.7400

  Columns 21 through 30

    0.6946    0.7287    0.7117    0.7481    0.7199    0.6914    0.7065    0.6716    0.6527    0.7177

  Columns 31 through 36

    0.7032    0.7516    0.7786    0.7741    0.7809    0.7666


ave_our =

    0.7039
    0.7054
    0.7088
    0.6917
    0.6879
    0.6955
    0.7029
    0.7115
    0.7139
    0.7160
    0.7176
    0.7191
    0.7222
    0.7233
    0.7217
    0.7205
    0.7246
    0.7249
    0.7261
    0.7268
    0.7253
    0.7254
    0.7248
    0.7258
    0.7256
    0.7243
    0.7236
    0.7217
    0.7194
    0.7193
    0.7188
    0.7198
    0.7216
    0.7231
    0.7248
    0.7259

 Movielen Rank 3 
 omegaT_90_3 
NNCP: iterations = 393   difference=0.000010  time=2.875799
i=1  dims=[50 50 31] 

save_tmp =

    0.7494

i=2  dims=[60 60 31] 

save_tmp =

    0.7494    0.7180

i=3  dims=[70 70 31] 

save_tmp =

    0.7494    0.7180    0.6338

i=4  dims=[80 80 31] 

save_tmp =

    0.7494    0.7180    0.6338    0.6272

i=5  dims=[90 90 31] 

save_tmp =

    0.7494    0.7180    0.6338    0.6272    0.7201

i=6  dims=[100 100 31] 

save_tmp =

    0.7494    0.7180    0.6338    0.6272    0.7201    0.7210

i=7  dims=[110 110 31] 

save_tmp =

    0.7494    0.7180    0.6338    0.6272    0.7201    0.7210    0.7576

i=8  dims=[120 120 31] 

save_tmp =

    0.7494    0.7180    0.6338    0.6272    0.7201    0.7210    0.7576    0.7617

i=9  dims=[130 130 31] 

save_tmp =

    0.7494    0.7180    0.6338    0.6272    0.7201    0.7210    0.7576    0.7617    0.7019

i=10  dims=[140 140 31] 

save_tmp =

    0.7494    0.7180    0.6338    0.6272    0.7201    0.7210    0.7576    0.7617    0.7019    0.7379

i=11  dims=[150 150 31] 

save_tmp =

  Columns 1 through 10

    0.7494    0.7180    0.6338    0.6272    0.7201    0.7210    0.7576    0.7617    0.7019    0.7379

  Column 11

    0.7845

i=12  dims=[160 160 31] 

save_tmp =

  Columns 1 through 10

    0.7494    0.7180    0.6338    0.6272    0.7201    0.7210    0.7576    0.7617    0.7019    0.7379

  Columns 11 through 12

    0.7845    0.6872

i=13  dims=[170 170 31] 

save_tmp =

  Columns 1 through 10

    0.7494    0.7180    0.6338    0.6272    0.7201    0.7210    0.7576    0.7617    0.7019    0.7379

  Columns 11 through 13

    0.7845    0.6872    0.7205

i=14  dims=[180 180 31] 

save_tmp =

  Columns 1 through 10

    0.7494    0.7180    0.6338    0.6272    0.7201    0.7210    0.7576    0.7617    0.7019    0.7379

  Columns 11 through 14

    0.7845    0.6872    0.7205    0.7405

i=15  dims=[190 190 31] 

save_tmp =

  Columns 1 through 10

    0.7494    0.7180    0.6338    0.6272    0.7201    0.7210    0.7576    0.7617    0.7019    0.7379

  Columns 11 through 15

    0.7845    0.6872    0.7205    0.7405    0.6796

i=16  dims=[200 200 31] 

save_tmp =

  Columns 1 through 10

    0.7494    0.7180    0.6338    0.6272    0.7201    0.7210    0.7576    0.7617    0.7019    0.7379

  Columns 11 through 16

    0.7845    0.6872    0.7205    0.7405    0.6796    0.7140

i=17  dims=[210 210 31] 

save_tmp =

  Columns 1 through 10

    0.7494    0.7180    0.6338    0.6272    0.7201    0.7210    0.7576    0.7617    0.7019    0.7379

  Columns 11 through 17

    0.7845    0.6872    0.7205    0.7405    0.6796    0.7140    0.7859

i=18  dims=[220 220 31] 

save_tmp =

  Columns 1 through 10

    0.7494    0.7180    0.6338    0.6272    0.7201    0.7210    0.7576    0.7617    0.7019    0.7379

  Columns 11 through 18

    0.7845    0.6872    0.7205    0.7405    0.6796    0.7140    0.7859    0.7289

i=19  dims=[230 230 31] 

save_tmp =

  Columns 1 through 10

    0.7494    0.7180    0.6338    0.6272    0.7201    0.7210    0.7576    0.7617    0.7019    0.7379

  Columns 11 through 19

    0.7845    0.6872    0.7205    0.7405    0.6796    0.7140    0.7859    0.7289    0.7508

i=20  dims=[240 240 31] 

save_tmp =

  Columns 1 through 10

    0.7494    0.7180    0.6338    0.6272    0.7201    0.7210    0.7576    0.7617    0.7019    0.7379

  Columns 11 through 20

    0.7845    0.6872    0.7205    0.7405    0.6796    0.7140    0.7859    0.7289    0.7508    0.7466

i=21  dims=[250 250 31] 

save_tmp =

  Columns 1 through 10

    0.7494    0.7180    0.6338    0.6272    0.7201    0.7210    0.7576    0.7617    0.7019    0.7379

  Columns 11 through 20

    0.7845    0.6872    0.7205    0.7405    0.6796    0.7140    0.7859    0.7289    0.7508    0.7466

  Column 21

    0.7095

i=22  dims=[260 260 31] 

save_tmp =

  Columns 1 through 10

    0.7494    0.7180    0.6338    0.6272    0.7201    0.7210    0.7576    0.7617    0.7019    0.7379

  Columns 11 through 20

    0.7845    0.6872    0.7205    0.7405    0.6796    0.7140    0.7859    0.7289    0.7508    0.7466

  Columns 21 through 22

    0.7095    0.7396

i=23  dims=[270 270 31] 

save_tmp =

  Columns 1 through 10

    0.7494    0.7180    0.6338    0.6272    0.7201    0.7210    0.7576    0.7617    0.7019    0.7379

  Columns 11 through 20

    0.7845    0.6872    0.7205    0.7405    0.6796    0.7140    0.7859    0.7289    0.7508    0.7466

  Columns 21 through 23

    0.7095    0.7396    0.7092

i=24  dims=[280 280 31] 

save_tmp =

  Columns 1 through 10

    0.7494    0.7180    0.6338    0.6272    0.7201    0.7210    0.7576    0.7617    0.7019    0.7379

  Columns 11 through 20

    0.7845    0.6872    0.7205    0.7405    0.6796    0.7140    0.7859    0.7289    0.7508    0.7466

  Columns 21 through 24

    0.7095    0.7396    0.7092    0.7237

i=25  dims=[290 290 31] 

save_tmp =

  Columns 1 through 10

    0.7494    0.7180    0.6338    0.6272    0.7201    0.7210    0.7576    0.7617    0.7019    0.7379

  Columns 11 through 20

    0.7845    0.6872    0.7205    0.7405    0.6796    0.7140    0.7859    0.7289    0.7508    0.7466

  Columns 21 through 25

    0.7095    0.7396    0.7092    0.7237    0.7216

i=26  dims=[300 300 31] 

save_tmp =

  Columns 1 through 10

    0.7494    0.7180    0.6338    0.6272    0.7201    0.7210    0.7576    0.7617    0.7019    0.7379

  Columns 11 through 20

    0.7845    0.6872    0.7205    0.7405    0.6796    0.7140    0.7859    0.7289    0.7508    0.7466

  Columns 21 through 26

    0.7095    0.7396    0.7092    0.7237    0.7216    0.7207

i=27  dims=[310 310 31] 

save_tmp =

  Columns 1 through 10

    0.7494    0.7180    0.6338    0.6272    0.7201    0.7210    0.7576    0.7617    0.7019    0.7379

  Columns 11 through 20

    0.7845    0.6872    0.7205    0.7405    0.6796    0.7140    0.7859    0.7289    0.7508    0.7466

  Columns 21 through 27

    0.7095    0.7396    0.7092    0.7237    0.7216    0.7207    0.6975

i=28  dims=[320 320 31] 

save_tmp =

  Columns 1 through 10

    0.7494    0.7180    0.6338    0.6272    0.7201    0.7210    0.7576    0.7617    0.7019    0.7379

  Columns 11 through 20

    0.7845    0.6872    0.7205    0.7405    0.6796    0.7140    0.7859    0.7289    0.7508    0.7466

  Columns 21 through 28

    0.7095    0.7396    0.7092    0.7237    0.7216    0.7207    0.6975    0.6914

i=29  dims=[330 330 31] 

save_tmp =

  Columns 1 through 10

    0.7494    0.7180    0.6338    0.6272    0.7201    0.7210    0.7576    0.7617    0.7019    0.7379

  Columns 11 through 20

    0.7845    0.6872    0.7205    0.7405    0.6796    0.7140    0.7859    0.7289    0.7508    0.7466

  Columns 21 through 29

    0.7095    0.7396    0.7092    0.7237    0.7216    0.7207    0.6975    0.6914    0.6389

i=30  dims=[340 340 31] 

save_tmp =

  Columns 1 through 10

    0.7494    0.7180    0.6338    0.6272    0.7201    0.7210    0.7576    0.7617    0.7019    0.7379

  Columns 11 through 20

    0.7845    0.6872    0.7205    0.7405    0.6796    0.7140    0.7859    0.7289    0.7508    0.7466

  Columns 21 through 30

    0.7095    0.7396    0.7092    0.7237    0.7216    0.7207    0.6975    0.6914    0.6389    0.7041

i=31  dims=[350 350 31] 

save_tmp =

  Columns 1 through 10

    0.7494    0.7180    0.6338    0.6272    0.7201    0.7210    0.7576    0.7617    0.7019    0.7379

  Columns 11 through 20

    0.7845    0.6872    0.7205    0.7405    0.6796    0.7140    0.7859    0.7289    0.7508    0.7466

  Columns 21 through 30

    0.7095    0.7396    0.7092    0.7237    0.7216    0.7207    0.6975    0.6914    0.6389    0.7041

  Column 31

    0.7164

i=32  dims=[360 360 31] 

save_tmp =

  Columns 1 through 10

    0.7494    0.7180    0.6338    0.6272    0.7201    0.7210    0.7576    0.7617    0.7019    0.7379

  Columns 11 through 20

    0.7845    0.6872    0.7205    0.7405    0.6796    0.7140    0.7859    0.7289    0.7508    0.7466

  Columns 21 through 30

    0.7095    0.7396    0.7092    0.7237    0.7216    0.7207    0.6975    0.6914    0.6389    0.7041

  Columns 31 through 32

    0.7164    0.7599

i=33  dims=[370 370 31] 

save_tmp =

  Columns 1 through 10

    0.7494    0.7180    0.6338    0.6272    0.7201    0.7210    0.7576    0.7617    0.7019    0.7379

  Columns 11 through 20

    0.7845    0.6872    0.7205    0.7405    0.6796    0.7140    0.7859    0.7289    0.7508    0.7466

  Columns 21 through 30

    0.7095    0.7396    0.7092    0.7237    0.7216    0.7207    0.6975    0.6914    0.6389    0.7041

  Columns 31 through 33

    0.7164    0.7599    0.7406

i=34  dims=[380 380 31] 

save_tmp =

  Columns 1 through 10

    0.7494    0.7180    0.6338    0.6272    0.7201    0.7210    0.7576    0.7617    0.7019    0.7379

  Columns 11 through 20

    0.7845    0.6872    0.7205    0.7405    0.6796    0.7140    0.7859    0.7289    0.7508    0.7466

  Columns 21 through 30

    0.7095    0.7396    0.7092    0.7237    0.7216    0.7207    0.6975    0.6914    0.6389    0.7041

  Columns 31 through 34

    0.7164    0.7599    0.7406    0.7856

i=35  dims=[390 390 31] 

save_tmp =

  Columns 1 through 10

    0.7494    0.7180    0.6338    0.6272    0.7201    0.7210    0.7576    0.7617    0.7019    0.7379

  Columns 11 through 20

    0.7845    0.6872    0.7205    0.7405    0.6796    0.7140    0.7859    0.7289    0.7508    0.7466

  Columns 21 through 30

    0.7095    0.7396    0.7092    0.7237    0.7216    0.7207    0.6975    0.6914    0.6389    0.7041

  Columns 31 through 35

    0.7164    0.7599    0.7406    0.7856    0.7629

i=36  dims=[400 400 31] 

save_tmp =

  Columns 1 through 10

    0.7494    0.7180    0.6338    0.6272    0.7201    0.7210    0.7576    0.7617    0.7019    0.7379

  Columns 11 through 20

    0.7845    0.6872    0.7205    0.7405    0.6796    0.7140    0.7859    0.7289    0.7508    0.7466

  Columns 21 through 30

    0.7095    0.7396    0.7092    0.7237    0.7216    0.7207    0.6975    0.6914    0.6389    0.7041

  Columns 31 through 36

    0.7164    0.7599    0.7406    0.7856    0.7629    0.8068


ave_our =

    0.7494
    0.7337
    0.7004
    0.6821
    0.6897
    0.6949
    0.7039
    0.7111
    0.7101
    0.7129
    0.7194
    0.7167
    0.7170
    0.7187
    0.7161
    0.7159
    0.7200
    0.7205
    0.7221
    0.7234
    0.7227
    0.7235
    0.7228
    0.7229
    0.7228
    0.7227
    0.7218
    0.7207
    0.7179
    0.7174
    0.7174
    0.7187
    0.7194
    0.7213
    0.7225
    0.7249

 Movielen Rank 3 
 omegaT_90_4 
NNCP: iterations = 452   difference=0.000010  time=3.188793
i=1  dims=[50 50 31] 

save_tmp =

    0.7888

i=2  dims=[60 60 31] 

save_tmp =

    0.7888    0.7544

i=3  dims=[70 70 31] 

save_tmp =

    0.7888    0.7544    0.7425

i=4  dims=[80 80 31] 

save_tmp =

    0.7888    0.7544    0.7425    0.7241

i=5  dims=[90 90 31] 

save_tmp =

    0.7888    0.7544    0.7425    0.7241    0.7608

i=6  dims=[100 100 31] 

save_tmp =

    0.7888    0.7544    0.7425    0.7241    0.7608    0.7644

i=7  dims=[110 110 31] 

save_tmp =

    0.7888    0.7544    0.7425    0.7241    0.7608    0.7644    0.7053

i=8  dims=[120 120 31] 

save_tmp =

    0.7888    0.7544    0.7425    0.7241    0.7608    0.7644    0.7053    0.8001

i=9  dims=[130 130 31] 

save_tmp =

    0.7888    0.7544    0.7425    0.7241    0.7608    0.7644    0.7053    0.8001    0.7540

i=10  dims=[140 140 31] 

save_tmp =

    0.7888    0.7544    0.7425    0.7241    0.7608    0.7644    0.7053    0.8001    0.7540    0.7797

i=11  dims=[150 150 31] 

save_tmp =

  Columns 1 through 10

    0.7888    0.7544    0.7425    0.7241    0.7608    0.7644    0.7053    0.8001    0.7540    0.7797

  Column 11

    0.7725

i=12  dims=[160 160 31] 

save_tmp =

  Columns 1 through 10

    0.7888    0.7544    0.7425    0.7241    0.7608    0.7644    0.7053    0.8001    0.7540    0.7797

  Columns 11 through 12

    0.7725    0.7569

i=13  dims=[170 170 31] 

save_tmp =

  Columns 1 through 10

    0.7888    0.7544    0.7425    0.7241    0.7608    0.7644    0.7053    0.8001    0.7540    0.7797

  Columns 11 through 13

    0.7725    0.7569    0.7800

i=14  dims=[180 180 31] 

save_tmp =

  Columns 1 through 10

    0.7888    0.7544    0.7425    0.7241    0.7608    0.7644    0.7053    0.8001    0.7540    0.7797

  Columns 11 through 14

    0.7725    0.7569    0.7800    0.7781

i=15  dims=[190 190 31] 

save_tmp =

  Columns 1 through 10

    0.7888    0.7544    0.7425    0.7241    0.7608    0.7644    0.7053    0.8001    0.7540    0.7797

  Columns 11 through 15

    0.7725    0.7569    0.7800    0.7781    0.7627

i=16  dims=[200 200 31] 

save_tmp =

  Columns 1 through 10

    0.7888    0.7544    0.7425    0.7241    0.7608    0.7644    0.7053    0.8001    0.7540    0.7797

  Columns 11 through 16

    0.7725    0.7569    0.7800    0.7781    0.7627    0.7273

i=17  dims=[210 210 31] 

save_tmp =

  Columns 1 through 10

    0.7888    0.7544    0.7425    0.7241    0.7608    0.7644    0.7053    0.8001    0.7540    0.7797

  Columns 11 through 17

    0.7725    0.7569    0.7800    0.7781    0.7627    0.7273    0.7951

i=18  dims=[220 220 31] 

save_tmp =

  Columns 1 through 10

    0.7888    0.7544    0.7425    0.7241    0.7608    0.7644    0.7053    0.8001    0.7540    0.7797

  Columns 11 through 18

    0.7725    0.7569    0.7800    0.7781    0.7627    0.7273    0.7951    0.7851

i=19  dims=[230 230 31] 

save_tmp =

  Columns 1 through 10

    0.7888    0.7544    0.7425    0.7241    0.7608    0.7644    0.7053    0.8001    0.7540    0.7797

  Columns 11 through 19

    0.7725    0.7569    0.7800    0.7781    0.7627    0.7273    0.7951    0.7851    0.7849

i=20  dims=[240 240 31] 

save_tmp =

  Columns 1 through 10

    0.7888    0.7544    0.7425    0.7241    0.7608    0.7644    0.7053    0.8001    0.7540    0.7797

  Columns 11 through 20

    0.7725    0.7569    0.7800    0.7781    0.7627    0.7273    0.7951    0.7851    0.7849    0.7266

i=21  dims=[250 250 31] 

save_tmp =

  Columns 1 through 10

    0.7888    0.7544    0.7425    0.7241    0.7608    0.7644    0.7053    0.8001    0.7540    0.7797

  Columns 11 through 20

    0.7725    0.7569    0.7800    0.7781    0.7627    0.7273    0.7951    0.7851    0.7849    0.7266

  Column 21

    0.7199

i=22  dims=[260 260 31] 

save_tmp =

  Columns 1 through 10

    0.7888    0.7544    0.7425    0.7241    0.7608    0.7644    0.7053    0.8001    0.7540    0.7797

  Columns 11 through 20

    0.7725    0.7569    0.7800    0.7781    0.7627    0.7273    0.7951    0.7851    0.7849    0.7266

  Columns 21 through 22

    0.7199    0.7353

i=23  dims=[270 270 31] 

save_tmp =

  Columns 1 through 10

    0.7888    0.7544    0.7425    0.7241    0.7608    0.7644    0.7053    0.8001    0.7540    0.7797

  Columns 11 through 20

    0.7725    0.7569    0.7800    0.7781    0.7627    0.7273    0.7951    0.7851    0.7849    0.7266

  Columns 21 through 23

    0.7199    0.7353    0.7559

i=24  dims=[280 280 31] 

save_tmp =

  Columns 1 through 10

    0.7888    0.7544    0.7425    0.7241    0.7608    0.7644    0.7053    0.8001    0.7540    0.7797

  Columns 11 through 20

    0.7725    0.7569    0.7800    0.7781    0.7627    0.7273    0.7951    0.7851    0.7849    0.7266

  Columns 21 through 24

    0.7199    0.7353    0.7559    0.7757

i=25  dims=[290 290 31] 

save_tmp =

  Columns 1 through 10

    0.7888    0.7544    0.7425    0.7241    0.7608    0.7644    0.7053    0.8001    0.7540    0.7797

  Columns 11 through 20

    0.7725    0.7569    0.7800    0.7781    0.7627    0.7273    0.7951    0.7851    0.7849    0.7266

  Columns 21 through 25

    0.7199    0.7353    0.7559    0.7757    0.7341

i=26  dims=[300 300 31] 

save_tmp =

  Columns 1 through 10

    0.7888    0.7544    0.7425    0.7241    0.7608    0.7644    0.7053    0.8001    0.7540    0.7797

  Columns 11 through 20

    0.7725    0.7569    0.7800    0.7781    0.7627    0.7273    0.7951    0.7851    0.7849    0.7266

  Columns 21 through 26

    0.7199    0.7353    0.7559    0.7757    0.7341    0.7259

i=27  dims=[310 310 31] 

save_tmp =

  Columns 1 through 10

    0.7888    0.7544    0.7425    0.7241    0.7608    0.7644    0.7053    0.8001    0.7540    0.7797

  Columns 11 through 20

    0.7725    0.7569    0.7800    0.7781    0.7627    0.7273    0.7951    0.7851    0.7849    0.7266

  Columns 21 through 27

    0.7199    0.7353    0.7559    0.7757    0.7341    0.7259    0.7167

i=28  dims=[320 320 31] 

save_tmp =

  Columns 1 through 10

    0.7888    0.7544    0.7425    0.7241    0.7608    0.7644    0.7053    0.8001    0.7540    0.7797

  Columns 11 through 20

    0.7725    0.7569    0.7800    0.7781    0.7627    0.7273    0.7951    0.7851    0.7849    0.7266

  Columns 21 through 28

    0.7199    0.7353    0.7559    0.7757    0.7341    0.7259    0.7167    0.7062

i=29  dims=[330 330 31] 

save_tmp =

  Columns 1 through 10

    0.7888    0.7544    0.7425    0.7241    0.7608    0.7644    0.7053    0.8001    0.7540    0.7797

  Columns 11 through 20

    0.7725    0.7569    0.7800    0.7781    0.7627    0.7273    0.7951    0.7851    0.7849    0.7266

  Columns 21 through 29

    0.7199    0.7353    0.7559    0.7757    0.7341    0.7259    0.7167    0.7062    0.6396

i=30  dims=[340 340 31] 

save_tmp =

  Columns 1 through 10

    0.7888    0.7544    0.7425    0.7241    0.7608    0.7644    0.7053    0.8001    0.7540    0.7797

  Columns 11 through 20

    0.7725    0.7569    0.7800    0.7781    0.7627    0.7273    0.7951    0.7851    0.7849    0.7266

  Columns 21 through 30

    0.7199    0.7353    0.7559    0.7757    0.7341    0.7259    0.7167    0.7062    0.6396    0.7331

i=31  dims=[350 350 31] 

save_tmp =

  Columns 1 through 10

    0.7888    0.7544    0.7425    0.7241    0.7608    0.7644    0.7053    0.8001    0.7540    0.7797

  Columns 11 through 20

    0.7725    0.7569    0.7800    0.7781    0.7627    0.7273    0.7951    0.7851    0.7849    0.7266

  Columns 21 through 30

    0.7199    0.7353    0.7559    0.7757    0.7341    0.7259    0.7167    0.7062    0.6396    0.7331

  Column 31

    0.6962

i=32  dims=[360 360 31] 

save_tmp =

  Columns 1 through 10

    0.7888    0.7544    0.7425    0.7241    0.7608    0.7644    0.7053    0.8001    0.7540    0.7797

  Columns 11 through 20

    0.7725    0.7569    0.7800    0.7781    0.7627    0.7273    0.7951    0.7851    0.7849    0.7266

  Columns 21 through 30

    0.7199    0.7353    0.7559    0.7757    0.7341    0.7259    0.7167    0.7062    0.6396    0.7331

  Columns 31 through 32

    0.6962    0.8013

i=33  dims=[370 370 31] 

save_tmp =

  Columns 1 through 10

    0.7888    0.7544    0.7425    0.7241    0.7608    0.7644    0.7053    0.8001    0.7540    0.7797

  Columns 11 through 20

    0.7725    0.7569    0.7800    0.7781    0.7627    0.7273    0.7951    0.7851    0.7849    0.7266

  Columns 21 through 30

    0.7199    0.7353    0.7559    0.7757    0.7341    0.7259    0.7167    0.7062    0.6396    0.7331

  Columns 31 through 33

    0.6962    0.8013    0.7781

i=34  dims=[380 380 31] 

save_tmp =

  Columns 1 through 10

    0.7888    0.7544    0.7425    0.7241    0.7608    0.7644    0.7053    0.8001    0.7540    0.7797

  Columns 11 through 20

    0.7725    0.7569    0.7800    0.7781    0.7627    0.7273    0.7951    0.7851    0.7849    0.7266

  Columns 21 through 30

    0.7199    0.7353    0.7559    0.7757    0.7341    0.7259    0.7167    0.7062    0.6396    0.7331

  Columns 31 through 34

    0.6962    0.8013    0.7781    0.7746

i=35  dims=[390 390 31] 

save_tmp =

  Columns 1 through 10

    0.7888    0.7544    0.7425    0.7241    0.7608    0.7644    0.7053    0.8001    0.7540    0.7797

  Columns 11 through 20

    0.7725    0.7569    0.7800    0.7781    0.7627    0.7273    0.7951    0.7851    0.7849    0.7266

  Columns 21 through 30

    0.7199    0.7353    0.7559    0.7757    0.7341    0.7259    0.7167    0.7062    0.6396    0.7331

  Columns 31 through 35

    0.6962    0.8013    0.7781    0.7746    0.7822

i=36  dims=[400 400 31] 

save_tmp =

  Columns 1 through 10

    0.7888    0.7544    0.7425    0.7241    0.7608    0.7644    0.7053    0.8001    0.7540    0.7797

  Columns 11 through 20

    0.7725    0.7569    0.7800    0.7781    0.7627    0.7273    0.7951    0.7851    0.7849    0.7266

  Columns 21 through 30

    0.7199    0.7353    0.7559    0.7757    0.7341    0.7259    0.7167    0.7062    0.6396    0.7331

  Columns 31 through 36

    0.6962    0.8013    0.7781    0.7746    0.7822    0.7916


ave_our =

    0.7888
    0.7716
    0.7619
    0.7524
    0.7541
    0.7558
    0.7486
    0.7550
    0.7549
    0.7574
    0.7588
    0.7586
    0.7603
    0.7615
    0.7616
    0.7595
    0.7616
    0.7629
    0.7640
    0.7622
    0.7601
    0.7590
    0.7589
    0.7596
    0.7586
    0.7573
    0.7558
    0.7540
    0.7501
    0.7495
    0.7478
    0.7495
    0.7503
    0.7510
    0.7519
    0.7530

 Movielen Rank 3 
 omegaT_90_5 
NNCP: iterations = 426   difference=0.000010  time=2.880252
i=1  dims=[50 50 31] 

save_tmp =

    0.7472

i=2  dims=[60 60 31] 

save_tmp =

    0.7472    0.7576

i=3  dims=[70 70 31] 

save_tmp =

    0.7472    0.7576    0.7458

i=4  dims=[80 80 31] 

save_tmp =

    0.7472    0.7576    0.7458    0.7071

i=5  dims=[90 90 31] 

save_tmp =

    0.7472    0.7576    0.7458    0.7071    0.7711

i=6  dims=[100 100 31] 

save_tmp =

    0.7472    0.7576    0.7458    0.7071    0.7711    0.7314

i=7  dims=[110 110 31] 

save_tmp =

    0.7472    0.7576    0.7458    0.7071    0.7711    0.7314    0.7216

i=8  dims=[120 120 31] 

save_tmp =

    0.7472    0.7576    0.7458    0.7071    0.7711    0.7314    0.7216    0.7722

i=9  dims=[130 130 31] 

save_tmp =

    0.7472    0.7576    0.7458    0.7071    0.7711    0.7314    0.7216    0.7722    0.7365

i=10  dims=[140 140 31] 

save_tmp =

    0.7472    0.7576    0.7458    0.7071    0.7711    0.7314    0.7216    0.7722    0.7365    0.7474

i=11  dims=[150 150 31] 

save_tmp =

  Columns 1 through 10

    0.7472    0.7576    0.7458    0.7071    0.7711    0.7314    0.7216    0.7722    0.7365    0.7474

  Column 11

    0.7662

i=12  dims=[160 160 31] 

save_tmp =

  Columns 1 through 10

    0.7472    0.7576    0.7458    0.7071    0.7711    0.7314    0.7216    0.7722    0.7365    0.7474

  Columns 11 through 12

    0.7662    0.7163

i=13  dims=[170 170 31] 

save_tmp =

  Columns 1 through 10

    0.7472    0.7576    0.7458    0.7071    0.7711    0.7314    0.7216    0.7722    0.7365    0.7474

  Columns 11 through 13

    0.7662    0.7163    0.7659

i=14  dims=[180 180 31] 

save_tmp =

  Columns 1 through 10

    0.7472    0.7576    0.7458    0.7071    0.7711    0.7314    0.7216    0.7722    0.7365    0.7474

  Columns 11 through 14

    0.7662    0.7163    0.7659    0.7697

i=15  dims=[190 190 31] 

save_tmp =

  Columns 1 through 10

    0.7472    0.7576    0.7458    0.7071    0.7711    0.7314    0.7216    0.7722    0.7365    0.7474

  Columns 11 through 15

    0.7662    0.7163    0.7659    0.7697    0.7354

i=16  dims=[200 200 31] 

save_tmp =

  Columns 1 through 10

    0.7472    0.7576    0.7458    0.7071    0.7711    0.7314    0.7216    0.7722    0.7365    0.7474

  Columns 11 through 16

    0.7662    0.7163    0.7659    0.7697    0.7354    0.7066

i=17  dims=[210 210 31] 

save_tmp =

  Columns 1 through 10

    0.7472    0.7576    0.7458    0.7071    0.7711    0.7314    0.7216    0.7722    0.7365    0.7474

  Columns 11 through 17

    0.7662    0.7163    0.7659    0.7697    0.7354    0.7066    0.8005

i=18  dims=[220 220 31] 

save_tmp =

  Columns 1 through 10

    0.7472    0.7576    0.7458    0.7071    0.7711    0.7314    0.7216    0.7722    0.7365    0.7474

  Columns 11 through 18

    0.7662    0.7163    0.7659    0.7697    0.7354    0.7066    0.8005    0.7773

i=19  dims=[230 230 31] 

save_tmp =

  Columns 1 through 10

    0.7472    0.7576    0.7458    0.7071    0.7711    0.7314    0.7216    0.7722    0.7365    0.7474

  Columns 11 through 19

    0.7662    0.7163    0.7659    0.7697    0.7354    0.7066    0.8005    0.7773    0.7589

i=20  dims=[240 240 31] 

save_tmp =

  Columns 1 through 10

    0.7472    0.7576    0.7458    0.7071    0.7711    0.7314    0.7216    0.7722    0.7365    0.7474

  Columns 11 through 20

    0.7662    0.7163    0.7659    0.7697    0.7354    0.7066    0.8005    0.7773    0.7589    0.7586

i=21  dims=[250 250 31] 

save_tmp =

  Columns 1 through 10

    0.7472    0.7576    0.7458    0.7071    0.7711    0.7314    0.7216    0.7722    0.7365    0.7474

  Columns 11 through 20

    0.7662    0.7163    0.7659    0.7697    0.7354    0.7066    0.8005    0.7773    0.7589    0.7586

  Column 21

    0.7291

i=22  dims=[260 260 31] 

save_tmp =

  Columns 1 through 10

    0.7472    0.7576    0.7458    0.7071    0.7711    0.7314    0.7216    0.7722    0.7365    0.7474

  Columns 11 through 20

    0.7662    0.7163    0.7659    0.7697    0.7354    0.7066    0.8005    0.7773    0.7589    0.7586

  Columns 21 through 22

    0.7291    0.7273

i=23  dims=[270 270 31] 

save_tmp =

  Columns 1 through 10

    0.7472    0.7576    0.7458    0.7071    0.7711    0.7314    0.7216    0.7722    0.7365    0.7474

  Columns 11 through 20

    0.7662    0.7163    0.7659    0.7697    0.7354    0.7066    0.8005    0.7773    0.7589    0.7586

  Columns 21 through 23

    0.7291    0.7273    0.7295

i=24  dims=[280 280 31] 

save_tmp =

  Columns 1 through 10

    0.7472    0.7576    0.7458    0.7071    0.7711    0.7314    0.7216    0.7722    0.7365    0.7474

  Columns 11 through 20

    0.7662    0.7163    0.7659    0.7697    0.7354    0.7066    0.8005    0.7773    0.7589    0.7586

  Columns 21 through 24

    0.7291    0.7273    0.7295    0.7629

i=25  dims=[290 290 31] 

save_tmp =

  Columns 1 through 10

    0.7472    0.7576    0.7458    0.7071    0.7711    0.7314    0.7216    0.7722    0.7365    0.7474

  Columns 11 through 20

    0.7662    0.7163    0.7659    0.7697    0.7354    0.7066    0.8005    0.7773    0.7589    0.7586

  Columns 21 through 25

    0.7291    0.7273    0.7295    0.7629    0.7167

i=26  dims=[300 300 31] 

save_tmp =

  Columns 1 through 10

    0.7472    0.7576    0.7458    0.7071    0.7711    0.7314    0.7216    0.7722    0.7365    0.7474

  Columns 11 through 20

    0.7662    0.7163    0.7659    0.7697    0.7354    0.7066    0.8005    0.7773    0.7589    0.7586

  Columns 21 through 26

    0.7291    0.7273    0.7295    0.7629    0.7167    0.7175

i=27  dims=[310 310 31] 

save_tmp =

  Columns 1 through 10

    0.7472    0.7576    0.7458    0.7071    0.7711    0.7314    0.7216    0.7722    0.7365    0.7474

  Columns 11 through 20

    0.7662    0.7163    0.7659    0.7697    0.7354    0.7066    0.8005    0.7773    0.7589    0.7586

  Columns 21 through 27

    0.7291    0.7273    0.7295    0.7629    0.7167    0.7175    0.7130

i=28  dims=[320 320 31] 

save_tmp =

  Columns 1 through 10

    0.7472    0.7576    0.7458    0.7071    0.7711    0.7314    0.7216    0.7722    0.7365    0.7474

  Columns 11 through 20

    0.7662    0.7163    0.7659    0.7697    0.7354    0.7066    0.8005    0.7773    0.7589    0.7586

  Columns 21 through 28

    0.7291    0.7273    0.7295    0.7629    0.7167    0.7175    0.7130    0.6933

i=29  dims=[330 330 31] 

save_tmp =

  Columns 1 through 10

    0.7472    0.7576    0.7458    0.7071    0.7711    0.7314    0.7216    0.7722    0.7365    0.7474

  Columns 11 through 20

    0.7662    0.7163    0.7659    0.7697    0.7354    0.7066    0.8005    0.7773    0.7589    0.7586

  Columns 21 through 29

    0.7291    0.7273    0.7295    0.7629    0.7167    0.7175    0.7130    0.6933    0.6553

i=30  dims=[340 340 31] 

save_tmp =

  Columns 1 through 10

    0.7472    0.7576    0.7458    0.7071    0.7711    0.7314    0.7216    0.7722    0.7365    0.7474

  Columns 11 through 20

    0.7662    0.7163    0.7659    0.7697    0.7354    0.7066    0.8005    0.7773    0.7589    0.7586

  Columns 21 through 30

    0.7291    0.7273    0.7295    0.7629    0.7167    0.7175    0.7130    0.6933    0.6553    0.7209

i=31  dims=[350 350 31] 

save_tmp =

  Columns 1 through 10

    0.7472    0.7576    0.7458    0.7071    0.7711    0.7314    0.7216    0.7722    0.7365    0.7474

  Columns 11 through 20

    0.7662    0.7163    0.7659    0.7697    0.7354    0.7066    0.8005    0.7773    0.7589    0.7586

  Columns 21 through 30

    0.7291    0.7273    0.7295    0.7629    0.7167    0.7175    0.7130    0.6933    0.6553    0.7209

  Column 31

    0.7057

i=32  dims=[360 360 31] 

save_tmp =

  Columns 1 through 10

    0.7472    0.7576    0.7458    0.7071    0.7711    0.7314    0.7216    0.7722    0.7365    0.7474

  Columns 11 through 20

    0.7662    0.7163    0.7659    0.7697    0.7354    0.7066    0.8005    0.7773    0.7589    0.7586

  Columns 21 through 30

    0.7291    0.7273    0.7295    0.7629    0.7167    0.7175    0.7130    0.6933    0.6553    0.7209

  Columns 31 through 32

    0.7057    0.7790

i=33  dims=[370 370 31] 

save_tmp =

  Columns 1 through 10

    0.7472    0.7576    0.7458    0.7071    0.7711    0.7314    0.7216    0.7722    0.7365    0.7474

  Columns 11 through 20

    0.7662    0.7163    0.7659    0.7697    0.7354    0.7066    0.8005    0.7773    0.7589    0.7586

  Columns 21 through 30

    0.7291    0.7273    0.7295    0.7629    0.7167    0.7175    0.7130    0.6933    0.6553    0.7209

  Columns 31 through 33

    0.7057    0.7790    0.7848

i=34  dims=[380 380 31] 

save_tmp =

  Columns 1 through 10

    0.7472    0.7576    0.7458    0.7071    0.7711    0.7314    0.7216    0.7722    0.7365    0.7474

  Columns 11 through 20

    0.7662    0.7163    0.7659    0.7697    0.7354    0.7066    0.8005    0.7773    0.7589    0.7586

  Columns 21 through 30

    0.7291    0.7273    0.7295    0.7629    0.7167    0.7175    0.7130    0.6933    0.6553    0.7209

  Columns 31 through 34

    0.7057    0.7790    0.7848    0.7998

i=35  dims=[390 390 31] 

save_tmp =

  Columns 1 through 10

    0.7472    0.7576    0.7458    0.7071    0.7711    0.7314    0.7216    0.7722    0.7365    0.7474

  Columns 11 through 20

    0.7662    0.7163    0.7659    0.7697    0.7354    0.7066    0.8005    0.7773    0.7589    0.7586

  Columns 21 through 30

    0.7291    0.7273    0.7295    0.7629    0.7167    0.7175    0.7130    0.6933    0.6553    0.7209

  Columns 31 through 35

    0.7057    0.7790    0.7848    0.7998    0.7872

i=36  dims=[400 400 31] 

save_tmp =

  Columns 1 through 10

    0.7472    0.7576    0.7458    0.7071    0.7711    0.7314    0.7216    0.7722    0.7365    0.7474

  Columns 11 through 20

    0.7662    0.7163    0.7659    0.7697    0.7354    0.7066    0.8005    0.7773    0.7589    0.7586

  Columns 21 through 30

    0.7291    0.7273    0.7295    0.7629    0.7167    0.7175    0.7130    0.6933    0.6553    0.7209

  Columns 31 through 36

    0.7057    0.7790    0.7848    0.7998    0.7872    0.7806


ave_our =

    0.7472
    0.7524
    0.7502
    0.7394
    0.7458
    0.7434
    0.7403
    0.7442
    0.7434
    0.7438
    0.7458
    0.7434
    0.7451
    0.7469
    0.7461
    0.7436
    0.7470
    0.7487
    0.7492
    0.7497
    0.7487
    0.7477
    0.7469
    0.7476
    0.7464
    0.7452
    0.7441
    0.7422
    0.7392
    0.7386
    0.7376
    0.7389
    0.7403
    0.7420
    0.7433
    0.7443

