 Movielen Rank 5 
 omegaT_90_1 
NNCP: iterations = 415   difference=0.000010  time=2.434009
i=1  dims=[50 50 31] 

save_tmp =

    0.7262

i=2  dims=[60 60 31] 

save_tmp =

    0.7262    0.7407

i=3  dims=[70 70 31] 

save_tmp =

    0.7262    0.7407    0.7505

i=4  dims=[80 80 31] 

save_tmp =

    0.7262    0.7407    0.7505    0.7596

i=5  dims=[90 90 31] 

save_tmp =

    0.7262    0.7407    0.7505    0.7596    0.7593

i=6  dims=[100 100 31] 

save_tmp =

    0.7262    0.7407    0.7505    0.7596    0.7593    0.7454

i=7  dims=[110 110 31] 

save_tmp =

    0.7262    0.7407    0.7505    0.7596    0.7593    0.7454    0.7412

i=8  dims=[120 120 31] 

save_tmp =

    0.7262    0.7407    0.7505    0.7596    0.7593    0.7454    0.7412    0.8050

i=9  dims=[130 130 31] 

save_tmp =

    0.7262    0.7407    0.7505    0.7596    0.7593    0.7454    0.7412    0.8050    0.7087

i=10  dims=[140 140 31] 

save_tmp =

    0.7262    0.7407    0.7505    0.7596    0.7593    0.7454    0.7412    0.8050    0.7087    0.7635

i=11  dims=[150 150 31] 

save_tmp =

  Columns 1 through 10

    0.7262    0.7407    0.7505    0.7596    0.7593    0.7454    0.7412    0.8050    0.7087    0.7635

  Column 11

    0.7862

i=12  dims=[160 160 31] 

save_tmp =

  Columns 1 through 10

    0.7262    0.7407    0.7505    0.7596    0.7593    0.7454    0.7412    0.8050    0.7087    0.7635

  Columns 11 through 12

    0.7862    0.7533

i=13  dims=[170 170 31] 

save_tmp =

  Columns 1 through 10

    0.7262    0.7407    0.7505    0.7596    0.7593    0.7454    0.7412    0.8050    0.7087    0.7635

  Columns 11 through 13

    0.7862    0.7533    0.7820

i=14  dims=[180 180 31] 

save_tmp =

  Columns 1 through 10

    0.7262    0.7407    0.7505    0.7596    0.7593    0.7454    0.7412    0.8050    0.7087    0.7635

  Columns 11 through 14

    0.7862    0.7533    0.7820    0.7531

i=15  dims=[190 190 31] 

save_tmp =

  Columns 1 through 10

    0.7262    0.7407    0.7505    0.7596    0.7593    0.7454    0.7412    0.8050    0.7087    0.7635

  Columns 11 through 15

    0.7862    0.7533    0.7820    0.7531    0.7338

i=16  dims=[200 200 31] 

save_tmp =

  Columns 1 through 10

    0.7262    0.7407    0.7505    0.7596    0.7593    0.7454    0.7412    0.8050    0.7087    0.7635

  Columns 11 through 16

    0.7862    0.7533    0.7820    0.7531    0.7338    0.7486

i=17  dims=[210 210 31] 

save_tmp =

  Columns 1 through 10

    0.7262    0.7407    0.7505    0.7596    0.7593    0.7454    0.7412    0.8050    0.7087    0.7635

  Columns 11 through 17

    0.7862    0.7533    0.7820    0.7531    0.7338    0.7486    0.7934

i=18  dims=[220 220 31] 

save_tmp =

  Columns 1 through 10

    0.7262    0.7407    0.7505    0.7596    0.7593    0.7454    0.7412    0.8050    0.7087    0.7635

  Columns 11 through 18

    0.7862    0.7533    0.7820    0.7531    0.7338    0.7486    0.7934    0.7836

i=19  dims=[230 230 31] 

save_tmp =

  Columns 1 through 10

    0.7262    0.7407    0.7505    0.7596    0.7593    0.7454    0.7412    0.8050    0.7087    0.7635

  Columns 11 through 19

    0.7862    0.7533    0.7820    0.7531    0.7338    0.7486    0.7934    0.7836    0.7700

i=20  dims=[240 240 31] 

save_tmp =

  Columns 1 through 10

    0.7262    0.7407    0.7505    0.7596    0.7593    0.7454    0.7412    0.8050    0.7087    0.7635

  Columns 11 through 20

    0.7862    0.7533    0.7820    0.7531    0.7338    0.7486    0.7934    0.7836    0.7700    0.7500

i=21  dims=[250 250 31] 

save_tmp =

  Columns 1 through 10

    0.7262    0.7407    0.7505    0.7596    0.7593    0.7454    0.7412    0.8050    0.7087    0.7635

  Columns 11 through 20

    0.7862    0.7533    0.7820    0.7531    0.7338    0.7486    0.7934    0.7836    0.7700    0.7500

  Column 21

    0.7333

i=22  dims=[260 260 31] 

save_tmp =

  Columns 1 through 10

    0.7262    0.7407    0.7505    0.7596    0.7593    0.7454    0.7412    0.8050    0.7087    0.7635

  Columns 11 through 20

    0.7862    0.7533    0.7820    0.7531    0.7338    0.7486    0.7934    0.7836    0.7700    0.7500

  Columns 21 through 22

    0.7333    0.7368

i=23  dims=[270 270 31] 

save_tmp =

  Columns 1 through 10

    0.7262    0.7407    0.7505    0.7596    0.7593    0.7454    0.7412    0.8050    0.7087    0.7635

  Columns 11 through 20

    0.7862    0.7533    0.7820    0.7531    0.7338    0.7486    0.7934    0.7836    0.7700    0.7500

  Columns 21 through 23

    0.7333    0.7368    0.7492

i=24  dims=[280 280 31] 

save_tmp =

  Columns 1 through 10

    0.7262    0.7407    0.7505    0.7596    0.7593    0.7454    0.7412    0.8050    0.7087    0.7635

  Columns 11 through 20

    0.7862    0.7533    0.7820    0.7531    0.7338    0.7486    0.7934    0.7836    0.7700    0.7500

  Columns 21 through 24

    0.7333    0.7368    0.7492    0.7591

i=25  dims=[290 290 31] 

save_tmp =

  Columns 1 through 10

    0.7262    0.7407    0.7505    0.7596    0.7593    0.7454    0.7412    0.8050    0.7087    0.7635

  Columns 11 through 20

    0.7862    0.7533    0.7820    0.7531    0.7338    0.7486    0.7934    0.7836    0.7700    0.7500

  Columns 21 through 25

    0.7333    0.7368    0.7492    0.7591    0.7251

i=26  dims=[300 300 31] 

save_tmp =

  Columns 1 through 10

    0.7262    0.7407    0.7505    0.7596    0.7593    0.7454    0.7412    0.8050    0.7087    0.7635

  Columns 11 through 20

    0.7862    0.7533    0.7820    0.7531    0.7338    0.7486    0.7934    0.7836    0.7700    0.7500

  Columns 21 through 26

    0.7333    0.7368    0.7492    0.7591    0.7251    0.7334

i=27  dims=[310 310 31] 

save_tmp =

  Columns 1 through 10

    0.7262    0.7407    0.7505    0.7596    0.7593    0.7454    0.7412    0.8050    0.7087    0.7635

  Columns 11 through 20

    0.7862    0.7533    0.7820    0.7531    0.7338    0.7486    0.7934    0.7836    0.7700    0.7500

  Columns 21 through 27

    0.7333    0.7368    0.7492    0.7591    0.7251    0.7334    0.7032

i=28  dims=[320 320 31] 

save_tmp =

  Columns 1 through 10

    0.7262    0.7407    0.7505    0.7596    0.7593    0.7454    0.7412    0.8050    0.7087    0.7635

  Columns 11 through 20

    0.7862    0.7533    0.7820    0.7531    0.7338    0.7486    0.7934    0.7836    0.7700    0.7500

  Columns 21 through 28

    0.7333    0.7368    0.7492    0.7591    0.7251    0.7334    0.7032    0.7016

i=29  dims=[330 330 31] 

save_tmp =

  Columns 1 through 10

    0.7262    0.7407    0.7505    0.7596    0.7593    0.7454    0.7412    0.8050    0.7087    0.7635

  Columns 11 through 20

    0.7862    0.7533    0.7820    0.7531    0.7338    0.7486    0.7934    0.7836    0.7700    0.7500

  Columns 21 through 29

    0.7333    0.7368    0.7492    0.7591    0.7251    0.7334    0.7032    0.7016    0.6557

i=30  dims=[340 340 31] 

save_tmp =

  Columns 1 through 10

    0.7262    0.7407    0.7505    0.7596    0.7593    0.7454    0.7412    0.8050    0.7087    0.7635

  Columns 11 through 20

    0.7862    0.7533    0.7820    0.7531    0.7338    0.7486    0.7934    0.7836    0.7700    0.7500

  Columns 21 through 30

    0.7333    0.7368    0.7492    0.7591    0.7251    0.7334    0.7032    0.7016    0.6557    0.7120

i=31  dims=[350 350 31] 

save_tmp =

  Columns 1 through 10

    0.7262    0.7407    0.7505    0.7596    0.7593    0.7454    0.7412    0.8050    0.7087    0.7635

  Columns 11 through 20

    0.7862    0.7533    0.7820    0.7531    0.7338    0.7486    0.7934    0.7836    0.7700    0.7500

  Columns 21 through 30

    0.7333    0.7368    0.7492    0.7591    0.7251    0.7334    0.7032    0.7016    0.6557    0.7120

  Column 31

    0.7105

i=32  dims=[360 360 31] 

save_tmp =

  Columns 1 through 10

    0.7262    0.7407    0.7505    0.7596    0.7593    0.7454    0.7412    0.8050    0.7087    0.7635

  Columns 11 through 20

    0.7862    0.7533    0.7820    0.7531    0.7338    0.7486    0.7934    0.7836    0.7700    0.7500

  Columns 21 through 30

    0.7333    0.7368    0.7492    0.7591    0.7251    0.7334    0.7032    0.7016    0.6557    0.7120

  Columns 31 through 32

    0.7105    0.7853

i=33  dims=[370 370 31] 

save_tmp =

  Columns 1 through 10

    0.7262    0.7407    0.7505    0.7596    0.7593    0.7454    0.7412    0.8050    0.7087    0.7635

  Columns 11 through 20

    0.7862    0.7533    0.7820    0.7531    0.7338    0.7486    0.7934    0.7836    0.7700    0.7500

  Columns 21 through 30

    0.7333    0.7368    0.7492    0.7591    0.7251    0.7334    0.7032    0.7016    0.6557    0.7120

  Columns 31 through 33

    0.7105    0.7853    0.7681

i=34  dims=[380 380 31] 

save_tmp =

  Columns 1 through 10

    0.7262    0.7407    0.7505    0.7596    0.7593    0.7454    0.7412    0.8050    0.7087    0.7635

  Columns 11 through 20

    0.7862    0.7533    0.7820    0.7531    0.7338    0.7486    0.7934    0.7836    0.7700    0.7500

  Columns 21 through 30

    0.7333    0.7368    0.7492    0.7591    0.7251    0.7334    0.7032    0.7016    0.6557    0.7120

  Columns 31 through 34

    0.7105    0.7853    0.7681    0.7934

i=35  dims=[390 390 31] 

save_tmp =

  Columns 1 through 10

    0.7262    0.7407    0.7505    0.7596    0.7593    0.7454    0.7412    0.8050    0.7087    0.7635

  Columns 11 through 20

    0.7862    0.7533    0.7820    0.7531    0.7338    0.7486    0.7934    0.7836    0.7700    0.7500

  Columns 21 through 30

    0.7333    0.7368    0.7492    0.7591    0.7251    0.7334    0.7032    0.7016    0.6557    0.7120

  Columns 31 through 35

    0.7105    0.7853    0.7681    0.7934    0.7823

i=36  dims=[400 400 31] 

save_tmp =

  Columns 1 through 10

    0.7262    0.7407    0.7505    0.7596    0.7593    0.7454    0.7412    0.8050    0.7087    0.7635

  Columns 11 through 20

    0.7862    0.7533    0.7820    0.7531    0.7338    0.7486    0.7934    0.7836    0.7700    0.7500

  Columns 21 through 30

    0.7333    0.7368    0.7492    0.7591    0.7251    0.7334    0.7032    0.7016    0.6557    0.7120

  Columns 31 through 36

    0.7105    0.7853    0.7681    0.7934    0.7823    0.7735


ave_our =

    0.7262
    0.7335
    0.7391
    0.7443
    0.7473
    0.7470
    0.7461
    0.7535
    0.7485
    0.7500
    0.7533
    0.7533
    0.7555
    0.7553
    0.7539
    0.7536
    0.7559
    0.7575
    0.7581
    0.7577
    0.7565
    0.7557
    0.7554
    0.7555
    0.7543
    0.7535
    0.7516
    0.7499
    0.7466
    0.7454
    0.7443
    0.7456
    0.7463
    0.7477
    0.7487
    0.7494

 Movielen Rank 5 
 omegaT_90_2 
NNCP: iterations = 404   difference=0.000010  time=2.874864
i=1  dims=[50 50 31] 

save_tmp =

    0.6929

i=2  dims=[60 60 31] 

save_tmp =

    0.6929    0.7106

i=3  dims=[70 70 31] 

save_tmp =

    0.6929    0.7106    0.7196

i=4  dims=[80 80 31] 

save_tmp =

    0.6929    0.7106    0.7196    0.6525

i=5  dims=[90 90 31] 

save_tmp =

    0.6929    0.7106    0.7196    0.6525    0.6637

i=6  dims=[100 100 31] 

save_tmp =

    0.6929    0.7106    0.7196    0.6525    0.6637    0.7369

i=7  dims=[110 110 31] 

save_tmp =

    0.6929    0.7106    0.7196    0.6525    0.6637    0.7369    0.7450

i=8  dims=[120 120 31] 

save_tmp =

    0.6929    0.7106    0.7196    0.6525    0.6637    0.7369    0.7450    0.7644

i=9  dims=[130 130 31] 

save_tmp =

    0.6929    0.7106    0.7196    0.6525    0.6637    0.7369    0.7450    0.7644    0.7280

i=10  dims=[140 140 31] 

save_tmp =

    0.6929    0.7106    0.7196    0.6525    0.6637    0.7369    0.7450    0.7644    0.7280    0.7307

i=11  dims=[150 150 31] 

save_tmp =

  Columns 1 through 10

    0.6929    0.7106    0.7196    0.6525    0.6637    0.7369    0.7450    0.7644    0.7280    0.7307

  Column 11

    0.7299

i=12  dims=[160 160 31] 

save_tmp =

  Columns 1 through 10

    0.6929    0.7106    0.7196    0.6525    0.6637    0.7369    0.7450    0.7644    0.7280    0.7307

  Columns 11 through 12

    0.7299    0.7299

i=13  dims=[170 170 31] 

save_tmp =

  Columns 1 through 10

    0.6929    0.7106    0.7196    0.6525    0.6637    0.7369    0.7450    0.7644    0.7280    0.7307

  Columns 11 through 13

    0.7299    0.7299    0.7483

i=14  dims=[180 180 31] 

save_tmp =

  Columns 1 through 10

    0.6929    0.7106    0.7196    0.6525    0.6637    0.7369    0.7450    0.7644    0.7280    0.7307

  Columns 11 through 14

    0.7299    0.7299    0.7483    0.7370

i=15  dims=[190 190 31] 

save_tmp =

  Columns 1 through 10

    0.6929    0.7106    0.7196    0.6525    0.6637    0.7369    0.7450    0.7644    0.7280    0.7307

  Columns 11 through 15

    0.7299    0.7299    0.7483    0.7370    0.6974

i=16  dims=[200 200 31] 

save_tmp =

  Columns 1 through 10

    0.6929    0.7106    0.7196    0.6525    0.6637    0.7369    0.7450    0.7644    0.7280    0.7307

  Columns 11 through 16

    0.7299    0.7299    0.7483    0.7370    0.6974    0.6967

i=17  dims=[210 210 31] 

save_tmp =

  Columns 1 through 10

    0.6929    0.7106    0.7196    0.6525    0.6637    0.7369    0.7450    0.7644    0.7280    0.7307

  Columns 11 through 17

    0.7299    0.7299    0.7483    0.7370    0.6974    0.6967    0.7830

i=18  dims=[220 220 31] 

save_tmp =

  Columns 1 through 10

    0.6929    0.7106    0.7196    0.6525    0.6637    0.7369    0.7450    0.7644    0.7280    0.7307

  Columns 11 through 18

    0.7299    0.7299    0.7483    0.7370    0.6974    0.6967    0.7830    0.7243

i=19  dims=[230 230 31] 

save_tmp =

  Columns 1 through 10

    0.6929    0.7106    0.7196    0.6525    0.6637    0.7369    0.7450    0.7644    0.7280    0.7307

  Columns 11 through 19

    0.7299    0.7299    0.7483    0.7370    0.6974    0.6967    0.7830    0.7243    0.7416

i=20  dims=[240 240 31] 

save_tmp =

  Columns 1 through 10

    0.6929    0.7106    0.7196    0.6525    0.6637    0.7369    0.7450    0.7644    0.7280    0.7307

  Columns 11 through 20

    0.7299    0.7299    0.7483    0.7370    0.6974    0.6967    0.7830    0.7243    0.7416    0.7355

i=21  dims=[250 250 31] 

save_tmp =

  Columns 1 through 10

    0.6929    0.7106    0.7196    0.6525    0.6637    0.7369    0.7450    0.7644    0.7280    0.7307

  Columns 11 through 20

    0.7299    0.7299    0.7483    0.7370    0.6974    0.6967    0.7830    0.7243    0.7416    0.7355

  Column 21

    0.6952

i=22  dims=[260 260 31] 

save_tmp =

  Columns 1 through 10

    0.6929    0.7106    0.7196    0.6525    0.6637    0.7369    0.7450    0.7644    0.7280    0.7307

  Columns 11 through 20

    0.7299    0.7299    0.7483    0.7370    0.6974    0.6967    0.7830    0.7243    0.7416    0.7355

  Columns 21 through 22

    0.6952    0.7340

i=23  dims=[270 270 31] 

save_tmp =

  Columns 1 through 10

    0.6929    0.7106    0.7196    0.6525    0.6637    0.7369    0.7450    0.7644    0.7280    0.7307

  Columns 11 through 20

    0.7299    0.7299    0.7483    0.7370    0.6974    0.6967    0.7830    0.7243    0.7416    0.7355

  Columns 21 through 23

    0.6952    0.7340    0.7017

i=24  dims=[280 280 31] 

save_tmp =

  Columns 1 through 10

    0.6929    0.7106    0.7196    0.6525    0.6637    0.7369    0.7450    0.7644    0.7280    0.7307

  Columns 11 through 20

    0.7299    0.7299    0.7483    0.7370    0.6974    0.6967    0.7830    0.7243    0.7416    0.7355

  Columns 21 through 24

    0.6952    0.7340    0.7017    0.7469

i=25  dims=[290 290 31] 

save_tmp =

  Columns 1 through 10

    0.6929    0.7106    0.7196    0.6525    0.6637    0.7369    0.7450    0.7644    0.7280    0.7307

  Columns 11 through 20

    0.7299    0.7299    0.7483    0.7370    0.6974    0.6967    0.7830    0.7243    0.7416    0.7355

  Columns 21 through 25

    0.6952    0.7340    0.7017    0.7469    0.7141

i=26  dims=[300 300 31] 

save_tmp =

  Columns 1 through 10

    0.6929    0.7106    0.7196    0.6525    0.6637    0.7369    0.7450    0.7644    0.7280    0.7307

  Columns 11 through 20

    0.7299    0.7299    0.7483    0.7370    0.6974    0.6967    0.7830    0.7243    0.7416    0.7355

  Columns 21 through 26

    0.6952    0.7340    0.7017    0.7469    0.7141    0.6814

i=27  dims=[310 310 31] 

save_tmp =

  Columns 1 through 10

    0.6929    0.7106    0.7196    0.6525    0.6637    0.7369    0.7450    0.7644    0.7280    0.7307

  Columns 11 through 20

    0.7299    0.7299    0.7483    0.7370    0.6974    0.6967    0.7830    0.7243    0.7416    0.7355

  Columns 21 through 27

    0.6952    0.7340    0.7017    0.7469    0.7141    0.6814    0.7099

i=28  dims=[320 320 31] 

save_tmp =

  Columns 1 through 10

    0.6929    0.7106    0.7196    0.6525    0.6637    0.7369    0.7450    0.7644    0.7280    0.7307

  Columns 11 through 20

    0.7299    0.7299    0.7483    0.7370    0.6974    0.6967    0.7830    0.7243    0.7416    0.7355

  Columns 21 through 28

    0.6952    0.7340    0.7017    0.7469    0.7141    0.6814    0.7099    0.6966

i=29  dims=[330 330 31] 

save_tmp =

  Columns 1 through 10

    0.6929    0.7106    0.7196    0.6525    0.6637    0.7369    0.7450    0.7644    0.7280    0.7307

  Columns 11 through 20

    0.7299    0.7299    0.7483    0.7370    0.6974    0.6967    0.7830    0.7243    0.7416    0.7355

  Columns 21 through 29

    0.6952    0.7340    0.7017    0.7469    0.7141    0.6814    0.7099    0.6966    0.6426

i=30  dims=[340 340 31] 

save_tmp =

  Columns 1 through 10

    0.6929    0.7106    0.7196    0.6525    0.6637    0.7369    0.7450    0.7644    0.7280    0.7307

  Columns 11 through 20

    0.7299    0.7299    0.7483    0.7370    0.6974    0.6967    0.7830    0.7243    0.7416    0.7355

  Columns 21 through 30

    0.6952    0.7340    0.7017    0.7469    0.7141    0.6814    0.7099    0.6966    0.6426    0.7117

i=31  dims=[350 350 31] 

save_tmp =

  Columns 1 through 10

    0.6929    0.7106    0.7196    0.6525    0.6637    0.7369    0.7450    0.7644    0.7280    0.7307

  Columns 11 through 20

    0.7299    0.7299    0.7483    0.7370    0.6974    0.6967    0.7830    0.7243    0.7416    0.7355

  Columns 21 through 30

    0.6952    0.7340    0.7017    0.7469    0.7141    0.6814    0.7099    0.6966    0.6426    0.7117

  Column 31

    0.7165

i=32  dims=[360 360 31] 

save_tmp =

  Columns 1 through 10

    0.6929    0.7106    0.7196    0.6525    0.6637    0.7369    0.7450    0.7644    0.7280    0.7307

  Columns 11 through 20

    0.7299    0.7299    0.7483    0.7370    0.6974    0.6967    0.7830    0.7243    0.7416    0.7355

  Columns 21 through 30

    0.6952    0.7340    0.7017    0.7469    0.7141    0.6814    0.7099    0.6966    0.6426    0.7117

  Columns 31 through 32

    0.7165    0.7452

i=33  dims=[370 370 31] 

save_tmp =

  Columns 1 through 10

    0.6929    0.7106    0.7196    0.6525    0.6637    0.7369    0.7450    0.7644    0.7280    0.7307

  Columns 11 through 20

    0.7299    0.7299    0.7483    0.7370    0.6974    0.6967    0.7830    0.7243    0.7416    0.7355

  Columns 21 through 30

    0.6952    0.7340    0.7017    0.7469    0.7141    0.6814    0.7099    0.6966    0.6426    0.7117

  Columns 31 through 33

    0.7165    0.7452    0.7687

i=34  dims=[380 380 31] 

save_tmp =

  Columns 1 through 10

    0.6929    0.7106    0.7196    0.6525    0.6637    0.7369    0.7450    0.7644    0.7280    0.7307

  Columns 11 through 20

    0.7299    0.7299    0.7483    0.7370    0.6974    0.6967    0.7830    0.7243    0.7416    0.7355

  Columns 21 through 30

    0.6952    0.7340    0.7017    0.7469    0.7141    0.6814    0.7099    0.6966    0.6426    0.7117

  Columns 31 through 34

    0.7165    0.7452    0.7687    0.7665

i=35  dims=[390 390 31] 

save_tmp =

  Columns 1 through 10

    0.6929    0.7106    0.7196    0.6525    0.6637    0.7369    0.7450    0.7644    0.7280    0.7307

  Columns 11 through 20

    0.7299    0.7299    0.7483    0.7370    0.6974    0.6967    0.7830    0.7243    0.7416    0.7355

  Columns 21 through 30

    0.6952    0.7340    0.7017    0.7469    0.7141    0.6814    0.7099    0.6966    0.6426    0.7117

  Columns 31 through 35

    0.7165    0.7452    0.7687    0.7665    0.7748

i=36  dims=[400 400 31] 

save_tmp =

  Columns 1 through 10

    0.6929    0.7106    0.7196    0.6525    0.6637    0.7369    0.7450    0.7644    0.7280    0.7307

  Columns 11 through 20

    0.7299    0.7299    0.7483    0.7370    0.6974    0.6967    0.7830    0.7243    0.7416    0.7355

  Columns 21 through 30

    0.6952    0.7340    0.7017    0.7469    0.7141    0.6814    0.7099    0.6966    0.6426    0.7117

  Columns 31 through 36

    0.7165    0.7452    0.7687    0.7665    0.7748    0.7730


ave_our =

    0.6929
    0.7018
    0.7077
    0.6939
    0.6879
    0.6960
    0.7030
    0.7107
    0.7126
    0.7144
    0.7158
    0.7170
    0.7194
    0.7207
    0.7191
    0.7177
    0.7216
    0.7217
    0.7228
    0.7234
    0.7221
    0.7226
    0.7217
    0.7227
    0.7224
    0.7208
    0.7204
    0.7196
    0.7169
    0.7167
    0.7167
    0.7176
    0.7192
    0.7206
    0.7221
    0.7235

 Movielen Rank 5 
 omegaT_90_3 
NNCP: iterations = 406   difference=0.000010  time=2.804558
i=1  dims=[50 50 31] 

save_tmp =

    0.7403

i=2  dims=[60 60 31] 

save_tmp =

    0.7403    0.7191

i=3  dims=[70 70 31] 

save_tmp =

    0.7403    0.7191    0.6268

i=4  dims=[80 80 31] 

save_tmp =

    0.7403    0.7191    0.6268    0.6284

i=5  dims=[90 90 31] 

save_tmp =

    0.7403    0.7191    0.6268    0.6284    0.6922

i=6  dims=[100 100 31] 

save_tmp =

    0.7403    0.7191    0.6268    0.6284    0.6922    0.7104

i=7  dims=[110 110 31] 

save_tmp =

    0.7403    0.7191    0.6268    0.6284    0.6922    0.7104    0.7517

i=8  dims=[120 120 31] 

save_tmp =

    0.7403    0.7191    0.6268    0.6284    0.6922    0.7104    0.7517    0.7620

i=9  dims=[130 130 31] 

save_tmp =

    0.7403    0.7191    0.6268    0.6284    0.6922    0.7104    0.7517    0.7620    0.6909

i=10  dims=[140 140 31] 

save_tmp =

    0.7403    0.7191    0.6268    0.6284    0.6922    0.7104    0.7517    0.7620    0.6909    0.7162

i=11  dims=[150 150 31] 

save_tmp =

  Columns 1 through 10

    0.7403    0.7191    0.6268    0.6284    0.6922    0.7104    0.7517    0.7620    0.6909    0.7162

  Column 11

    0.7745

i=12  dims=[160 160 31] 

save_tmp =

  Columns 1 through 10

    0.7403    0.7191    0.6268    0.6284    0.6922    0.7104    0.7517    0.7620    0.6909    0.7162

  Columns 11 through 12

    0.7745    0.6792

i=13  dims=[170 170 31] 

save_tmp =

  Columns 1 through 10

    0.7403    0.7191    0.6268    0.6284    0.6922    0.7104    0.7517    0.7620    0.6909    0.7162

  Columns 11 through 13

    0.7745    0.6792    0.6924

i=14  dims=[180 180 31] 

save_tmp =

  Columns 1 through 10

    0.7403    0.7191    0.6268    0.6284    0.6922    0.7104    0.7517    0.7620    0.6909    0.7162

  Columns 11 through 14

    0.7745    0.6792    0.6924    0.7345

i=15  dims=[190 190 31] 

save_tmp =

  Columns 1 through 10

    0.7403    0.7191    0.6268    0.6284    0.6922    0.7104    0.7517    0.7620    0.6909    0.7162

  Columns 11 through 15

    0.7745    0.6792    0.6924    0.7345    0.6718

i=16  dims=[200 200 31] 

save_tmp =

  Columns 1 through 10

    0.7403    0.7191    0.6268    0.6284    0.6922    0.7104    0.7517    0.7620    0.6909    0.7162

  Columns 11 through 16

    0.7745    0.6792    0.6924    0.7345    0.6718    0.6974

i=17  dims=[210 210 31] 

save_tmp =

  Columns 1 through 10

    0.7403    0.7191    0.6268    0.6284    0.6922    0.7104    0.7517    0.7620    0.6909    0.7162

  Columns 11 through 17

    0.7745    0.6792    0.6924    0.7345    0.6718    0.6974    0.7829

i=18  dims=[220 220 31] 

save_tmp =

  Columns 1 through 10

    0.7403    0.7191    0.6268    0.6284    0.6922    0.7104    0.7517    0.7620    0.6909    0.7162

  Columns 11 through 18

    0.7745    0.6792    0.6924    0.7345    0.6718    0.6974    0.7829    0.6888

i=19  dims=[230 230 31] 

save_tmp =

  Columns 1 through 10

    0.7403    0.7191    0.6268    0.6284    0.6922    0.7104    0.7517    0.7620    0.6909    0.7162

  Columns 11 through 19

    0.7745    0.6792    0.6924    0.7345    0.6718    0.6974    0.7829    0.6888    0.7368

i=20  dims=[240 240 31] 

save_tmp =

  Columns 1 through 10

    0.7403    0.7191    0.6268    0.6284    0.6922    0.7104    0.7517    0.7620    0.6909    0.7162

  Columns 11 through 20

    0.7745    0.6792    0.6924    0.7345    0.6718    0.6974    0.7829    0.6888    0.7368    0.7434

i=21  dims=[250 250 31] 

save_tmp =

  Columns 1 through 10

    0.7403    0.7191    0.6268    0.6284    0.6922    0.7104    0.7517    0.7620    0.6909    0.7162

  Columns 11 through 20

    0.7745    0.6792    0.6924    0.7345    0.6718    0.6974    0.7829    0.6888    0.7368    0.7434

  Column 21

    0.7116

i=22  dims=[260 260 31] 

save_tmp =

  Columns 1 through 10

    0.7403    0.7191    0.6268    0.6284    0.6922    0.7104    0.7517    0.7620    0.6909    0.7162

  Columns 11 through 20

    0.7745    0.6792    0.6924    0.7345    0.6718    0.6974    0.7829    0.6888    0.7368    0.7434

  Columns 21 through 22

    0.7116    0.7271

i=23  dims=[270 270 31] 

save_tmp =

  Columns 1 through 10

    0.7403    0.7191    0.6268    0.6284    0.6922    0.7104    0.7517    0.7620    0.6909    0.7162

  Columns 11 through 20

    0.7745    0.6792    0.6924    0.7345    0.6718    0.6974    0.7829    0.6888    0.7368    0.7434

  Columns 21 through 23

    0.7116    0.7271    0.6671

i=24  dims=[280 280 31] 

save_tmp =

  Columns 1 through 10

    0.7403    0.7191    0.6268    0.6284    0.6922    0.7104    0.7517    0.7620    0.6909    0.7162

  Columns 11 through 20

    0.7745    0.6792    0.6924    0.7345    0.6718    0.6974    0.7829    0.6888    0.7368    0.7434

  Columns 21 through 24

    0.7116    0.7271    0.6671    0.7279

i=25  dims=[290 290 31] 

save_tmp =

  Columns 1 through 10

    0.7403    0.7191    0.6268    0.6284    0.6922    0.7104    0.7517    0.7620    0.6909    0.7162

  Columns 11 through 20

    0.7745    0.6792    0.6924    0.7345    0.6718    0.6974    0.7829    0.6888    0.7368    0.7434

  Columns 21 through 25

    0.7116    0.7271    0.6671    0.7279    0.7164

i=26  dims=[300 300 31] 

save_tmp =

  Columns 1 through 10

    0.7403    0.7191    0.6268    0.6284    0.6922    0.7104    0.7517    0.7620    0.6909    0.7162

  Columns 11 through 20

    0.7745    0.6792    0.6924    0.7345    0.6718    0.6974    0.7829    0.6888    0.7368    0.7434

  Columns 21 through 26

    0.7116    0.7271    0.6671    0.7279    0.7164    0.7259

i=27  dims=[310 310 31] 

save_tmp =

  Columns 1 through 10

    0.7403    0.7191    0.6268    0.6284    0.6922    0.7104    0.7517    0.7620    0.6909    0.7162

  Columns 11 through 20

    0.7745    0.6792    0.6924    0.7345    0.6718    0.6974    0.7829    0.6888    0.7368    0.7434

  Columns 21 through 27

    0.7116    0.7271    0.6671    0.7279    0.7164    0.7259    0.6917

i=28  dims=[320 320 31] 

save_tmp =

  Columns 1 through 10

    0.7403    0.7191    0.6268    0.6284    0.6922    0.7104    0.7517    0.7620    0.6909    0.7162

  Columns 11 through 20

    0.7745    0.6792    0.6924    0.7345    0.6718    0.6974    0.7829    0.6888    0.7368    0.7434

  Columns 21 through 28

    0.7116    0.7271    0.6671    0.7279    0.7164    0.7259    0.6917    0.6584

i=29  dims=[330 330 31] 

save_tmp =

  Columns 1 through 10

    0.7403    0.7191    0.6268    0.6284    0.6922    0.7104    0.7517    0.7620    0.6909    0.7162

  Columns 11 through 20

    0.7745    0.6792    0.6924    0.7345    0.6718    0.6974    0.7829    0.6888    0.7368    0.7434

  Columns 21 through 29

    0.7116    0.7271    0.6671    0.7279    0.7164    0.7259    0.6917    0.6584    0.6224

i=30  dims=[340 340 31] 

save_tmp =

  Columns 1 through 10

    0.7403    0.7191    0.6268    0.6284    0.6922    0.7104    0.7517    0.7620    0.6909    0.7162

  Columns 11 through 20

    0.7745    0.6792    0.6924    0.7345    0.6718    0.6974    0.7829    0.6888    0.7368    0.7434

  Columns 21 through 30

    0.7116    0.7271    0.6671    0.7279    0.7164    0.7259    0.6917    0.6584    0.6224    0.6494

i=31  dims=[350 350 31] 

save_tmp =

  Columns 1 through 10

    0.7403    0.7191    0.6268    0.6284    0.6922    0.7104    0.7517    0.7620    0.6909    0.7162

  Columns 11 through 20

    0.7745    0.6792    0.6924    0.7345    0.6718    0.6974    0.7829    0.6888    0.7368    0.7434

  Columns 21 through 30

    0.7116    0.7271    0.6671    0.7279    0.7164    0.7259    0.6917    0.6584    0.6224    0.6494

  Column 31

    0.7215

i=32  dims=[360 360 31] 

save_tmp =

  Columns 1 through 10

    0.7403    0.7191    0.6268    0.6284    0.6922    0.7104    0.7517    0.7620    0.6909    0.7162

  Columns 11 through 20

    0.7745    0.6792    0.6924    0.7345    0.6718    0.6974    0.7829    0.6888    0.7368    0.7434

  Columns 21 through 30

    0.7116    0.7271    0.6671    0.7279    0.7164    0.7259    0.6917    0.6584    0.6224    0.6494

  Columns 31 through 32

    0.7215    0.6995

i=33  dims=[370 370 31] 

save_tmp =

  Columns 1 through 10

    0.7403    0.7191    0.6268    0.6284    0.6922    0.7104    0.7517    0.7620    0.6909    0.7162

  Columns 11 through 20

    0.7745    0.6792    0.6924    0.7345    0.6718    0.6974    0.7829    0.6888    0.7368    0.7434

  Columns 21 through 30

    0.7116    0.7271    0.6671    0.7279    0.7164    0.7259    0.6917    0.6584    0.6224    0.6494

  Columns 31 through 33

    0.7215    0.6995    0.7081

i=34  dims=[380 380 31] 

save_tmp =

  Columns 1 through 10

    0.7403    0.7191    0.6268    0.6284    0.6922    0.7104    0.7517    0.7620    0.6909    0.7162

  Columns 11 through 20

    0.7745    0.6792    0.6924    0.7345    0.6718    0.6974    0.7829    0.6888    0.7368    0.7434

  Columns 21 through 30

    0.7116    0.7271    0.6671    0.7279    0.7164    0.7259    0.6917    0.6584    0.6224    0.6494

  Columns 31 through 34

    0.7215    0.6995    0.7081    0.7846

i=35  dims=[390 390 31] 

save_tmp =

  Columns 1 through 10

    0.7403    0.7191    0.6268    0.6284    0.6922    0.7104    0.7517    0.7620    0.6909    0.7162

  Columns 11 through 20

    0.7745    0.6792    0.6924    0.7345    0.6718    0.6974    0.7829    0.6888    0.7368    0.7434

  Columns 21 through 30

    0.7116    0.7271    0.6671    0.7279    0.7164    0.7259    0.6917    0.6584    0.6224    0.6494

  Columns 31 through 35

    0.7215    0.6995    0.7081    0.7846    0.7479

i=36  dims=[400 400 31] 

save_tmp =

  Columns 1 through 10

    0.7403    0.7191    0.6268    0.6284    0.6922    0.7104    0.7517    0.7620    0.6909    0.7162

  Columns 11 through 20

    0.7745    0.6792    0.6924    0.7345    0.6718    0.6974    0.7829    0.6888    0.7368    0.7434

  Columns 21 through 30

    0.7116    0.7271    0.6671    0.7279    0.7164    0.7259    0.6917    0.6584    0.6224    0.6494

  Columns 31 through 36

    0.7215    0.6995    0.7081    0.7846    0.7479    0.7931


ave_our =

    0.7403
    0.7297
    0.6954
    0.6787
    0.6814
    0.6862
    0.6956
    0.7039
    0.7024
    0.7038
    0.7102
    0.7077
    0.7065
    0.7085
    0.7060
    0.7055
    0.7101
    0.7089
    0.7103
    0.7120
    0.7120
    0.7127
    0.7107
    0.7114
    0.7116
    0.7121
    0.7114
    0.7095
    0.7065
    0.7046
    0.7051
    0.7050
    0.7050
    0.7074
    0.7085
    0.7109

 Movielen Rank 5 
 omegaT_90_4 
NNCP: iterations = 406   difference=0.000010  time=2.863066
i=1  dims=[50 50 31] 

save_tmp =

    0.7553

i=2  dims=[60 60 31] 

save_tmp =

    0.7553    0.7477

i=3  dims=[70 70 31] 

save_tmp =

    0.7553    0.7477    0.7186

i=4  dims=[80 80 31] 

save_tmp =

    0.7553    0.7477    0.7186    0.7195

i=5  dims=[90 90 31] 

save_tmp =

    0.7553    0.7477    0.7186    0.7195    0.7581

i=6  dims=[100 100 31] 

save_tmp =

    0.7553    0.7477    0.7186    0.7195    0.7581    0.7608

i=7  dims=[110 110 31] 

save_tmp =

    0.7553    0.7477    0.7186    0.7195    0.7581    0.7608    0.7024

i=8  dims=[120 120 31] 

save_tmp =

    0.7553    0.7477    0.7186    0.7195    0.7581    0.7608    0.7024    0.7805

i=9  dims=[130 130 31] 

save_tmp =

    0.7553    0.7477    0.7186    0.7195    0.7581    0.7608    0.7024    0.7805    0.7573

i=10  dims=[140 140 31] 

save_tmp =

    0.7553    0.7477    0.7186    0.7195    0.7581    0.7608    0.7024    0.7805    0.7573    0.7785

i=11  dims=[150 150 31] 

save_tmp =

  Columns 1 through 10

    0.7553    0.7477    0.7186    0.7195    0.7581    0.7608    0.7024    0.7805    0.7573    0.7785

  Column 11

    0.7723

i=12  dims=[160 160 31] 

save_tmp =

  Columns 1 through 10

    0.7553    0.7477    0.7186    0.7195    0.7581    0.7608    0.7024    0.7805    0.7573    0.7785

  Columns 11 through 12

    0.7723    0.7599

i=13  dims=[170 170 31] 

save_tmp =

  Columns 1 through 10

    0.7553    0.7477    0.7186    0.7195    0.7581    0.7608    0.7024    0.7805    0.7573    0.7785

  Columns 11 through 13

    0.7723    0.7599    0.7846

i=14  dims=[180 180 31] 

save_tmp =

  Columns 1 through 10

    0.7553    0.7477    0.7186    0.7195    0.7581    0.7608    0.7024    0.7805    0.7573    0.7785

  Columns 11 through 14

    0.7723    0.7599    0.7846    0.7777

i=15  dims=[190 190 31] 

save_tmp =

  Columns 1 through 10

    0.7553    0.7477    0.7186    0.7195    0.7581    0.7608    0.7024    0.7805    0.7573    0.7785

  Columns 11 through 15

    0.7723    0.7599    0.7846    0.7777    0.7631

i=16  dims=[200 200 31] 

save_tmp =

  Columns 1 through 10

    0.7553    0.7477    0.7186    0.7195    0.7581    0.7608    0.7024    0.7805    0.7573    0.7785

  Columns 11 through 16

    0.7723    0.7599    0.7846    0.7777    0.7631    0.7280

i=17  dims=[210 210 31] 

save_tmp =

  Columns 1 through 10

    0.7553    0.7477    0.7186    0.7195    0.7581    0.7608    0.7024    0.7805    0.7573    0.7785

  Columns 11 through 17

    0.7723    0.7599    0.7846    0.7777    0.7631    0.7280    0.7980

i=18  dims=[220 220 31] 

save_tmp =

  Columns 1 through 10

    0.7553    0.7477    0.7186    0.7195    0.7581    0.7608    0.7024    0.7805    0.7573    0.7785

  Columns 11 through 18

    0.7723    0.7599    0.7846    0.7777    0.7631    0.7280    0.7980    0.7862

i=19  dims=[230 230 31] 

save_tmp =

  Columns 1 through 10

    0.7553    0.7477    0.7186    0.7195    0.7581    0.7608    0.7024    0.7805    0.7573    0.7785

  Columns 11 through 19

    0.7723    0.7599    0.7846    0.7777    0.7631    0.7280    0.7980    0.7862    0.7851

i=20  dims=[240 240 31] 

save_tmp =

  Columns 1 through 10

    0.7553    0.7477    0.7186    0.7195    0.7581    0.7608    0.7024    0.7805    0.7573    0.7785

  Columns 11 through 20

    0.7723    0.7599    0.7846    0.7777    0.7631    0.7280    0.7980    0.7862    0.7851    0.7306

i=21  dims=[250 250 31] 

save_tmp =

  Columns 1 through 10

    0.7553    0.7477    0.7186    0.7195    0.7581    0.7608    0.7024    0.7805    0.7573    0.7785

  Columns 11 through 20

    0.7723    0.7599    0.7846    0.7777    0.7631    0.7280    0.7980    0.7862    0.7851    0.7306

  Column 21

    0.7285

i=22  dims=[260 260 31] 

save_tmp =

  Columns 1 through 10

    0.7553    0.7477    0.7186    0.7195    0.7581    0.7608    0.7024    0.7805    0.7573    0.7785

  Columns 11 through 20

    0.7723    0.7599    0.7846    0.7777    0.7631    0.7280    0.7980    0.7862    0.7851    0.7306

  Columns 21 through 22

    0.7285    0.7406

i=23  dims=[270 270 31] 

save_tmp =

  Columns 1 through 10

    0.7553    0.7477    0.7186    0.7195    0.7581    0.7608    0.7024    0.7805    0.7573    0.7785

  Columns 11 through 20

    0.7723    0.7599    0.7846    0.7777    0.7631    0.7280    0.7980    0.7862    0.7851    0.7306

  Columns 21 through 23

    0.7285    0.7406    0.7566

i=24  dims=[280 280 31] 

save_tmp =

  Columns 1 through 10

    0.7553    0.7477    0.7186    0.7195    0.7581    0.7608    0.7024    0.7805    0.7573    0.7785

  Columns 11 through 20

    0.7723    0.7599    0.7846    0.7777    0.7631    0.7280    0.7980    0.7862    0.7851    0.7306

  Columns 21 through 24

    0.7285    0.7406    0.7566    0.7726

i=25  dims=[290 290 31] 

save_tmp =

  Columns 1 through 10

    0.7553    0.7477    0.7186    0.7195    0.7581    0.7608    0.7024    0.7805    0.7573    0.7785

  Columns 11 through 20

    0.7723    0.7599    0.7846    0.7777    0.7631    0.7280    0.7980    0.7862    0.7851    0.7306

  Columns 21 through 25

    0.7285    0.7406    0.7566    0.7726    0.7325

i=26  dims=[300 300 31] 

save_tmp =

  Columns 1 through 10

    0.7553    0.7477    0.7186    0.7195    0.7581    0.7608    0.7024    0.7805    0.7573    0.7785

  Columns 11 through 20

    0.7723    0.7599    0.7846    0.7777    0.7631    0.7280    0.7980    0.7862    0.7851    0.7306

  Columns 21 through 26

    0.7285    0.7406    0.7566    0.7726    0.7325    0.7259

i=27  dims=[310 310 31] 

save_tmp =

  Columns 1 through 10

    0.7553    0.7477    0.7186    0.7195    0.7581    0.7608    0.7024    0.7805    0.7573    0.7785

  Columns 11 through 20

    0.7723    0.7599    0.7846    0.7777    0.7631    0.7280    0.7980    0.7862    0.7851    0.7306

  Columns 21 through 27

    0.7285    0.7406    0.7566    0.7726    0.7325    0.7259    0.7185

i=28  dims=[320 320 31] 

save_tmp =

  Columns 1 through 10

    0.7553    0.7477    0.7186    0.7195    0.7581    0.7608    0.7024    0.7805    0.7573    0.7785

  Columns 11 through 20

    0.7723    0.7599    0.7846    0.7777    0.7631    0.7280    0.7980    0.7862    0.7851    0.7306

  Columns 21 through 28

    0.7285    0.7406    0.7566    0.7726    0.7325    0.7259    0.7185    0.7046

i=29  dims=[330 330 31] 

save_tmp =

  Columns 1 through 10

    0.7553    0.7477    0.7186    0.7195    0.7581    0.7608    0.7024    0.7805    0.7573    0.7785

  Columns 11 through 20

    0.7723    0.7599    0.7846    0.7777    0.7631    0.7280    0.7980    0.7862    0.7851    0.7306

  Columns 21 through 29

    0.7285    0.7406    0.7566    0.7726    0.7325    0.7259    0.7185    0.7046    0.6435

i=30  dims=[340 340 31] 

save_tmp =

  Columns 1 through 10

    0.7553    0.7477    0.7186    0.7195    0.7581    0.7608    0.7024    0.7805    0.7573    0.7785

  Columns 11 through 20

    0.7723    0.7599    0.7846    0.7777    0.7631    0.7280    0.7980    0.7862    0.7851    0.7306

  Columns 21 through 30

    0.7285    0.7406    0.7566    0.7726    0.7325    0.7259    0.7185    0.7046    0.6435    0.7367

i=31  dims=[350 350 31] 

save_tmp =

  Columns 1 through 10

    0.7553    0.7477    0.7186    0.7195    0.7581    0.7608    0.7024    0.7805    0.7573    0.7785

  Columns 11 through 20

    0.7723    0.7599    0.7846    0.7777    0.7631    0.7280    0.7980    0.7862    0.7851    0.7306

  Columns 21 through 30

    0.7285    0.7406    0.7566    0.7726    0.7325    0.7259    0.7185    0.7046    0.6435    0.7367

  Column 31

    0.7033

i=32  dims=[360 360 31] 

save_tmp =

  Columns 1 through 10

    0.7553    0.7477    0.7186    0.7195    0.7581    0.7608    0.7024    0.7805    0.7573    0.7785

  Columns 11 through 20

    0.7723    0.7599    0.7846    0.7777    0.7631    0.7280    0.7980    0.7862    0.7851    0.7306

  Columns 21 through 30

    0.7285    0.7406    0.7566    0.7726    0.7325    0.7259    0.7185    0.7046    0.6435    0.7367

  Columns 31 through 32

    0.7033    0.8069

i=33  dims=[370 370 31] 

save_tmp =

  Columns 1 through 10

    0.7553    0.7477    0.7186    0.7195    0.7581    0.7608    0.7024    0.7805    0.7573    0.7785

  Columns 11 through 20

    0.7723    0.7599    0.7846    0.7777    0.7631    0.7280    0.7980    0.7862    0.7851    0.7306

  Columns 21 through 30

    0.7285    0.7406    0.7566    0.7726    0.7325    0.7259    0.7185    0.7046    0.6435    0.7367

  Columns 31 through 33

    0.7033    0.8069    0.7776

i=34  dims=[380 380 31] 

save_tmp =

  Columns 1 through 10

    0.7553    0.7477    0.7186    0.7195    0.7581    0.7608    0.7024    0.7805    0.7573    0.7785

  Columns 11 through 20

    0.7723    0.7599    0.7846    0.7777    0.7631    0.7280    0.7980    0.7862    0.7851    0.7306

  Columns 21 through 30

    0.7285    0.7406    0.7566    0.7726    0.7325    0.7259    0.7185    0.7046    0.6435    0.7367

  Columns 31 through 34

    0.7033    0.8069    0.7776    0.7741

i=35  dims=[390 390 31] 

save_tmp =

  Columns 1 through 10

    0.7553    0.7477    0.7186    0.7195    0.7581    0.7608    0.7024    0.7805    0.7573    0.7785

  Columns 11 through 20

    0.7723    0.7599    0.7846    0.7777    0.7631    0.7280    0.7980    0.7862    0.7851    0.7306

  Columns 21 through 30

    0.7285    0.7406    0.7566    0.7726    0.7325    0.7259    0.7185    0.7046    0.6435    0.7367

  Columns 31 through 35

    0.7033    0.8069    0.7776    0.7741    0.7862

i=36  dims=[400 400 31] 

save_tmp =

  Columns 1 through 10

    0.7553    0.7477    0.7186    0.7195    0.7581    0.7608    0.7024    0.7805    0.7573    0.7785

  Columns 11 through 20

    0.7723    0.7599    0.7846    0.7777    0.7631    0.7280    0.7980    0.7862    0.7851    0.7306

  Columns 21 through 30

    0.7285    0.7406    0.7566    0.7726    0.7325    0.7259    0.7185    0.7046    0.6435    0.7367

  Columns 31 through 36

    0.7033    0.8069    0.7776    0.7741    0.7862    0.7840


ave_our =

    0.7553
    0.7515
    0.7405
    0.7353
    0.7398
    0.7433
    0.7375
    0.7429
    0.7445
    0.7479
    0.7501
    0.7509
    0.7535
    0.7552
    0.7558
    0.7540
    0.7566
    0.7583
    0.7597
    0.7582
    0.7568
    0.7561
    0.7561
    0.7568
    0.7558
    0.7547
    0.7533
    0.7516
    0.7478
    0.7475
    0.7461
    0.7480
    0.7489
    0.7496
    0.7506
    0.7516

 Movielen Rank 5 
 omegaT_90_5 
NNCP: iterations = 425   difference=0.000010  time=2.472224
i=1  dims=[50 50 31] 

save_tmp =

    0.7544

i=2  dims=[60 60 31] 

save_tmp =

    0.7544    0.7708

i=3  dims=[70 70 31] 

save_tmp =

    0.7544    0.7708    0.7523

i=4  dims=[80 80 31] 

save_tmp =

    0.7544    0.7708    0.7523    0.7132

i=5  dims=[90 90 31] 

save_tmp =

    0.7544    0.7708    0.7523    0.7132    0.7797

i=6  dims=[100 100 31] 

save_tmp =

    0.7544    0.7708    0.7523    0.7132    0.7797    0.7375

i=7  dims=[110 110 31] 

save_tmp =

    0.7544    0.7708    0.7523    0.7132    0.7797    0.7375    0.7305

i=8  dims=[120 120 31] 

save_tmp =

    0.7544    0.7708    0.7523    0.7132    0.7797    0.7375    0.7305    0.7837

i=9  dims=[130 130 31] 

save_tmp =

    0.7544    0.7708    0.7523    0.7132    0.7797    0.7375    0.7305    0.7837    0.7413

i=10  dims=[140 140 31] 

save_tmp =

    0.7544    0.7708    0.7523    0.7132    0.7797    0.7375    0.7305    0.7837    0.7413    0.7555

i=11  dims=[150 150 31] 

save_tmp =

  Columns 1 through 10

    0.7544    0.7708    0.7523    0.7132    0.7797    0.7375    0.7305    0.7837    0.7413    0.7555

  Column 11

    0.7650

i=12  dims=[160 160 31] 

save_tmp =

  Columns 1 through 10

    0.7544    0.7708    0.7523    0.7132    0.7797    0.7375    0.7305    0.7837    0.7413    0.7555

  Columns 11 through 12

    0.7650    0.7299

i=13  dims=[170 170 31] 

save_tmp =

  Columns 1 through 10

    0.7544    0.7708    0.7523    0.7132    0.7797    0.7375    0.7305    0.7837    0.7413    0.7555

  Columns 11 through 13

    0.7650    0.7299    0.7696

i=14  dims=[180 180 31] 

save_tmp =

  Columns 1 through 10

    0.7544    0.7708    0.7523    0.7132    0.7797    0.7375    0.7305    0.7837    0.7413    0.7555

  Columns 11 through 14

    0.7650    0.7299    0.7696    0.7754

i=15  dims=[190 190 31] 

save_tmp =

  Columns 1 through 10

    0.7544    0.7708    0.7523    0.7132    0.7797    0.7375    0.7305    0.7837    0.7413    0.7555

  Columns 11 through 15

    0.7650    0.7299    0.7696    0.7754    0.7387

i=16  dims=[200 200 31] 

save_tmp =

  Columns 1 through 10

    0.7544    0.7708    0.7523    0.7132    0.7797    0.7375    0.7305    0.7837    0.7413    0.7555

  Columns 11 through 16

    0.7650    0.7299    0.7696    0.7754    0.7387    0.7147

i=17  dims=[210 210 31] 

save_tmp =

  Columns 1 through 10

    0.7544    0.7708    0.7523    0.7132    0.7797    0.7375    0.7305    0.7837    0.7413    0.7555

  Columns 11 through 17

    0.7650    0.7299    0.7696    0.7754    0.7387    0.7147    0.8061

i=18  dims=[220 220 31] 

save_tmp =

  Columns 1 through 10

    0.7544    0.7708    0.7523    0.7132    0.7797    0.7375    0.7305    0.7837    0.7413    0.7555

  Columns 11 through 18

    0.7650    0.7299    0.7696    0.7754    0.7387    0.7147    0.8061    0.7827

i=19  dims=[230 230 31] 

save_tmp =

  Columns 1 through 10

    0.7544    0.7708    0.7523    0.7132    0.7797    0.7375    0.7305    0.7837    0.7413    0.7555

  Columns 11 through 19

    0.7650    0.7299    0.7696    0.7754    0.7387    0.7147    0.8061    0.7827    0.7661

i=20  dims=[240 240 31] 

save_tmp =

  Columns 1 through 10

    0.7544    0.7708    0.7523    0.7132    0.7797    0.7375    0.7305    0.7837    0.7413    0.7555

  Columns 11 through 20

    0.7650    0.7299    0.7696    0.7754    0.7387    0.7147    0.8061    0.7827    0.7661    0.7637

i=21  dims=[250 250 31] 

save_tmp =

  Columns 1 through 10

    0.7544    0.7708    0.7523    0.7132    0.7797    0.7375    0.7305    0.7837    0.7413    0.7555

  Columns 11 through 20

    0.7650    0.7299    0.7696    0.7754    0.7387    0.7147    0.8061    0.7827    0.7661    0.7637

  Column 21

    0.7400

i=22  dims=[260 260 31] 

save_tmp =

  Columns 1 through 10

    0.7544    0.7708    0.7523    0.7132    0.7797    0.7375    0.7305    0.7837    0.7413    0.7555

  Columns 11 through 20

    0.7650    0.7299    0.7696    0.7754    0.7387    0.7147    0.8061    0.7827    0.7661    0.7637

  Columns 21 through 22

    0.7400    0.7250

i=23  dims=[270 270 31] 

save_tmp =

  Columns 1 through 10

    0.7544    0.7708    0.7523    0.7132    0.7797    0.7375    0.7305    0.7837    0.7413    0.7555

  Columns 11 through 20

    0.7650    0.7299    0.7696    0.7754    0.7387    0.7147    0.8061    0.7827    0.7661    0.7637

  Columns 21 through 23

    0.7400    0.7250    0.7341

i=24  dims=[280 280 31] 

save_tmp =

  Columns 1 through 10

    0.7544    0.7708    0.7523    0.7132    0.7797    0.7375    0.7305    0.7837    0.7413    0.7555

  Columns 11 through 20

    0.7650    0.7299    0.7696    0.7754    0.7387    0.7147    0.8061    0.7827    0.7661    0.7637

  Columns 21 through 24

    0.7400    0.7250    0.7341    0.7658

i=25  dims=[290 290 31] 

save_tmp =

  Columns 1 through 10

    0.7544    0.7708    0.7523    0.7132    0.7797    0.7375    0.7305    0.7837    0.7413    0.7555

  Columns 11 through 20

    0.7650    0.7299    0.7696    0.7754    0.7387    0.7147    0.8061    0.7827    0.7661    0.7637

  Columns 21 through 25

    0.7400    0.7250    0.7341    0.7658    0.7227

i=26  dims=[300 300 31] 

save_tmp =

  Columns 1 through 10

    0.7544    0.7708    0.7523    0.7132    0.7797    0.7375    0.7305    0.7837    0.7413    0.7555

  Columns 11 through 20

    0.7650    0.7299    0.7696    0.7754    0.7387    0.7147    0.8061    0.7827    0.7661    0.7637

  Columns 21 through 26

    0.7400    0.7250    0.7341    0.7658    0.7227    0.7205

i=27  dims=[310 310 31] 

save_tmp =

  Columns 1 through 10

    0.7544    0.7708    0.7523    0.7132    0.7797    0.7375    0.7305    0.7837    0.7413    0.7555

  Columns 11 through 20

    0.7650    0.7299    0.7696    0.7754    0.7387    0.7147    0.8061    0.7827    0.7661    0.7637

  Columns 21 through 27

    0.7400    0.7250    0.7341    0.7658    0.7227    0.7205    0.7078

i=28  dims=[320 320 31] 

save_tmp =

  Columns 1 through 10

    0.7544    0.7708    0.7523    0.7132    0.7797    0.7375    0.7305    0.7837    0.7413    0.7555

  Columns 11 through 20

    0.7650    0.7299    0.7696    0.7754    0.7387    0.7147    0.8061    0.7827    0.7661    0.7637

  Columns 21 through 28

    0.7400    0.7250    0.7341    0.7658    0.7227    0.7205    0.7078    0.6975

i=29  dims=[330 330 31] 

save_tmp =

  Columns 1 through 10

    0.7544    0.7708    0.7523    0.7132    0.7797    0.7375    0.7305    0.7837    0.7413    0.7555

  Columns 11 through 20

    0.7650    0.7299    0.7696    0.7754    0.7387    0.7147    0.8061    0.7827    0.7661    0.7637

  Columns 21 through 29

    0.7400    0.7250    0.7341    0.7658    0.7227    0.7205    0.7078    0.6975    0.6615

i=30  dims=[340 340 31] 

save_tmp =

  Columns 1 through 10

    0.7544    0.7708    0.7523    0.7132    0.7797    0.7375    0.7305    0.7837    0.7413    0.7555

  Columns 11 through 20

    0.7650    0.7299    0.7696    0.7754    0.7387    0.7147    0.8061    0.7827    0.7661    0.7637

  Columns 21 through 30

    0.7400    0.7250    0.7341    0.7658    0.7227    0.7205    0.7078    0.6975    0.6615    0.7232

i=31  dims=[350 350 31] 

save_tmp =

  Columns 1 through 10

    0.7544    0.7708    0.7523    0.7132    0.7797    0.7375    0.7305    0.7837    0.7413    0.7555

  Columns 11 through 20

    0.7650    0.7299    0.7696    0.7754    0.7387    0.7147    0.8061    0.7827    0.7661    0.7637

  Columns 21 through 30

    0.7400    0.7250    0.7341    0.7658    0.7227    0.7205    0.7078    0.6975    0.6615    0.7232

  Column 31

    0.7018

i=32  dims=[360 360 31] 

save_tmp =

  Columns 1 through 10

    0.7544    0.7708    0.7523    0.7132    0.7797    0.7375    0.7305    0.7837    0.7413    0.7555

  Columns 11 through 20

    0.7650    0.7299    0.7696    0.7754    0.7387    0.7147    0.8061    0.7827    0.7661    0.7637

  Columns 21 through 30

    0.7400    0.7250    0.7341    0.7658    0.7227    0.7205    0.7078    0.6975    0.6615    0.7232

  Columns 31 through 32

    0.7018    0.7876

i=33  dims=[370 370 31] 

save_tmp =

  Columns 1 through 10

    0.7544    0.7708    0.7523    0.7132    0.7797    0.7375    0.7305    0.7837    0.7413    0.7555

  Columns 11 through 20

    0.7650    0.7299    0.7696    0.7754    0.7387    0.7147    0.8061    0.7827    0.7661    0.7637

  Columns 21 through 30

    0.7400    0.7250    0.7341    0.7658    0.7227    0.7205    0.7078    0.6975    0.6615    0.7232

  Columns 31 through 33

    0.7018    0.7876    0.7870

i=34  dims=[380 380 31] 

save_tmp =

  Columns 1 through 10

    0.7544    0.7708    0.7523    0.7132    0.7797    0.7375    0.7305    0.7837    0.7413    0.7555

  Columns 11 through 20

    0.7650    0.7299    0.7696    0.7754    0.7387    0.7147    0.8061    0.7827    0.7661    0.7637

  Columns 21 through 30

    0.7400    0.7250    0.7341    0.7658    0.7227    0.7205    0.7078    0.6975    0.6615    0.7232

  Columns 31 through 34

    0.7018    0.7876    0.7870    0.8061

i=35  dims=[390 390 31] 

save_tmp =

  Columns 1 through 10

    0.7544    0.7708    0.7523    0.7132    0.7797    0.7375    0.7305    0.7837    0.7413    0.7555

  Columns 11 through 20

    0.7650    0.7299    0.7696    0.7754    0.7387    0.7147    0.8061    0.7827    0.7661    0.7637

  Columns 21 through 30

    0.7400    0.7250    0.7341    0.7658    0.7227    0.7205    0.7078    0.6975    0.6615    0.7232

  Columns 31 through 35

    0.7018    0.7876    0.7870    0.8061    0.7923

i=36  dims=[400 400 31] 

save_tmp =

  Columns 1 through 10

    0.7544    0.7708    0.7523    0.7132    0.7797    0.7375    0.7305    0.7837    0.7413    0.7555

  Columns 11 through 20

    0.7650    0.7299    0.7696    0.7754    0.7387    0.7147    0.8061    0.7827    0.7661    0.7637

  Columns 21 through 30

    0.7400    0.7250    0.7341    0.7658    0.7227    0.7205    0.7078    0.6975    0.6615    0.7232

  Columns 31 through 36

    0.7018    0.7876    0.7870    0.8061    0.7923    0.7781


ave_our =

    0.7544
    0.7626
    0.7592
    0.7477
    0.7541
    0.7513
    0.7484
    0.7528
    0.7515
    0.7519
    0.7531
    0.7512
    0.7526
    0.7542
    0.7532
    0.7508
    0.7540
    0.7556
    0.7562
    0.7565
    0.7558
    0.7544
    0.7535
    0.7540
    0.7527
    0.7515
    0.7499
    0.7480
    0.7450
    0.7443
    0.7429
    0.7443
    0.7456
    0.7474
    0.7487
    0.7495

