 Iter  FuncEvals       F(X)          ||G(X)||/N        
------ --------- ---------------- ----------------
     0         1   77586.63952155       0.00016711
     1         7   67837.22125143       0.01728236
     2        17   67830.96320042       0.01815359
     3        24   63865.37416208       0.01796601
     4        31   60873.33043887       0.01287508
     5        38   58740.56482297       0.00849904
     6        45   57665.07794094       0.00669173
     7        51   57066.86084305       0.00554332
     8        57   56643.52567185       0.00430931
     9        63   56287.73433863       0.00357189
    10        69   56013.66631289       0.00338462
    11        75   55755.64740681       0.00360295
    12        81   55468.25144769       0.00383153
    13        87   55162.07167034       0.00418154
    14        93   54795.45112221       0.00441280
    15        99   54351.72553733       0.00441234
    16       105   53866.60030382       0.00463148
时间已过 24.425596 秒。
run 1, average auc = 0.748356
 Iter  FuncEvals       F(X)          ||G(X)||/N        
------ --------- ---------------- ----------------
     0         1   77586.96433013       0.00016601
     1         7   67913.34703735       0.01752187
     2        17   67906.67336114       0.01843304
     3        25   63912.35459708       0.01845668
     4        32   60913.12950002       0.01318470
     5        39   58769.14509274       0.00862599
     6        46   57702.71067244       0.00689627
     7        52   57114.75442517       0.00558419
     8        58   56685.90638939       0.00432534
     9        64   56341.23758512       0.00358218
    10        70   56076.15025792       0.00337965
    11        76   55825.93318790       0.00361258
    12        82   55545.09923669       0.00382732
    13        87   55249.35283042       0.00420161
    14        93   54901.40426440       0.00442321
    15        99   54484.93402351       0.00436507
    16       105   54030.49918279       0.00460159
时间已过 24.445165 秒。
run 2, average auc = 0.741886
 Iter  FuncEvals       F(X)          ||G(X)||/N        
------ --------- ---------------- ----------------
     0         1   77586.72817472       0.00016624
     1         7   67923.99231284       0.01690472
     2        17   67917.68287000       0.01775621
     3        24   63955.80169407       0.01808344
     4        31   60896.73817881       0.01320486
     5        38   58680.25144935       0.00842919
     6        45   57620.56336339       0.00664026
     7        51   57027.56727019       0.00560713
     8        57   56603.03335917       0.00428407
     9        63   56247.55737527       0.00351704
    10        69   55975.65716609       0.00340186
    11        75   55728.93437404       0.00369742
    12        81   55455.01250153       0.00390221
    13        87   55145.09544066       0.00415846
    14        93   54763.50135880       0.00439517
    15        98   54309.38899480       0.00441809
    16       104   53820.40489116       0.00459212
时间已过 22.643488 秒。
run 3, average auc = 0.756573
 Iter  FuncEvals       F(X)          ||G(X)||/N        
------ --------- ---------------- ----------------
     0         1   77586.86569472       0.00016689
     1         7   67985.19567719       0.01756109
     2        17   67978.55181175       0.01847942
     3        25   64010.32339140       0.01841419
     4        32   61030.48044534       0.01306050
     5        39   58926.86385792       0.00857694
     6        46   57847.58773684       0.00687579
     7        52   57246.78727835       0.00565045
     8        58   56814.93072733       0.00439550
     9        64   56455.45076242       0.00360857
    10        70   56181.22166909       0.00342827
    11        76   55924.49205613       0.00361986
    12        82   55623.46818189       0.00379170
    13        87   55300.91765219       0.00423138
    14        93   54931.10476430       0.00466466
    15        99   54492.29679196       0.00451476
    16       105   54019.01217496       0.00468022
时间已过 22.434782 秒。
run 4, average auc = 0.742343
 Iter  FuncEvals       F(X)          ||G(X)||/N        
------ --------- ---------------- ----------------
     0         1   77586.79556289       0.00016586
     1         7   68333.01008932       0.01740367
     2        17   68326.60895832       0.01830473
     3        24   64122.77963721       0.01890103
     4        31   61024.47736040       0.01321598
     5        38   58796.01045131       0.00854378
     6        45   57708.15823794       0.00678632
     7        51   57090.50754525       0.00551744
     8        57   56667.17274177       0.00435596
     9        63   56313.53470712       0.00361162
    10        69   56038.00572265       0.00340695
    11        75   55774.55500120       0.00356103
    12        81   55467.65288869       0.00373964
    13        87   55117.94858475       0.00409635
    14        93   54705.46833750       0.00455471
    15        99   54261.80201986       0.00444560
    16       105   53765.97550546       0.00456170
时间已过 24.940987 秒。
run 5, average auc = 0.744299
average 5 runs, auc = 0.746691, std = 0.0027216 
